$SPEC_ID:
No sample description was entered.
$SPEC_REM:
DET# 1
DETDESC# BETA MCB 129 Input 1
AP# GammaVision Version 6.09
$DATE_MEA:
03/15/2014 12:27:04
$MEAS_TIM:
168112 168143
$DATA:
0 8191
       0
       0
       0
       0
       0
       0
       0
       0
       0
       0
       0
       0
       0
       0
       0
       0
       0
       0
       0
       0
       0
       0
       0
       0
       0
       0
       0
       0
       0
       0
       0
       0
       0
       0
       0
       0
       0
       0
       0
       0
       0
       1
      82
      68
     103
      40
      99
     114
     145
     198
     268
     318
     332
     314
     280
     295
     269
     296
     285
     322
     322
     329
     282
     279
     286
     266
     219
     253
     225
     245
     239
     248
     229
     237
     230
     239
     210
     226
     213
     186
     210
     227
     212
     203
     230
     196
     218
     198
     203
     190
     201
     195
     214
     198
     201
     205
     184
     206
     226
     203
     204
     200
     186
     186
     195
     224
     202
     202
     196
     180
     209
     216
     211
     209
     201
     200
     239
     227
     213
     249
     239
     273
     340
     328
     200
     181
     195
     172
     204
     197
     198
     182
     196
     175
     177
     194
     208
     170
     182
     185
     201
     199
     173
     207
     176
     188
     192
     181
     182
     197
     202
     199
     190
     204
     219
     196
     205
     252
     214
     218
     235
     241
     215
     238
     254
     334
     443
     432
     287
     218
     211
     216
     199
     184
     232
     230
     222
     205
     220
     218
     205
     207
     224
     224
     215
     271
     238
     248
     249
     245
     286
     317
     370
     307
     282
     270
     414
     572
     496
     309
     257
     247
     353
     398
     337
     224
     207
     214
     211
     182
     225
     218
     219
     220
     258
     214
     233
     242
     214
     261
     240
     311
     383
     370
     345
     267
     209
     233
     271
     330
     343
     304
     255
     247
     236
     224
     275
     272
     251
     225
     237
     258
     418
     671
     867
     637
     407
     281
     211
     244
     241
     237
     228
     217
     206
     203
     200
     247
     222
     257
     266
     232
     211
     204
     197
     204
     253
     205
     188
     211
     215
     226
     210
     210
     240
     200
     234
     207
     281
     238
     218
     222
     244
     230
     217
     231
     227
     229
     235
     204
     239
     238
     215
     224
     235
     236
     256
     257
     260
     233
     220
     233
     206
     241
     263
     232
     233
     256
     235
     206
     225
     205
     208
     232
     219
     224
     215
     225
     234
     262
     237
     233
     230
     198
     215
     239
     214
     215
     246
     239
     241
     232
     252
     227
     213
     246
     202
     240
     199
     233
     253
     244
     253
     228
     210
     236
     249
     235
     226
     226
     246
     206
     212
     229
     241
     218
     233
     224
     248
     215
     236
     233
     216
     226
     239
     229
     247
     259
     235
     262
     246
     229
     245
     216
     228
     226
     226
     249
     292
     336
     274
     244
     222
     194
     228
     210
     226
     211
     232
     246
     230
     224
     250
     219
     242
     229
     211
     230
     220
     244
     239
     232
     219
     227
     222
     235
     225
     233
     210
     221
     239
     231
     226
     222
     213
     222
     227
     237
     240
     244
     201
     203
     213
     204
     218
     230
     220
     228
     214
     243
     260
     235
     220
     228
     206
     210
     205
     251
     221
     225
     197
     212
     230
     202
     195
     222
     222
     217
     208
     225
     213
     237
     214
     204
     200
     235
     198
     218
     226
     192
     215
     220
     222
     227
     224
     246
     218
     187
     230
     211
     210
     196
     207
     219
     221
     228
     201
     214
     191
     210
     230
     210
     192
     226
     221
     204
     216
     261
     371
     558
     655
     488
     273
     204
     203
     219
     196
     237
     237
     182
     210
     224
     203
     209
     204
     225
     206
     204
     170
     204
     188
     206
     199
     202
     211
     216
     214
     199
     214
     196
     203
     189
     201
     221
     200
     198
     197
     194
     162
     197
     202
     190
     223
     209
     191
     198
     195
     180
     183
     205
     174
     220
     230
     206
     197
     159
     199
     191
     196
     185
     211
     216
     258
     238
     207
     206
     175
     172
     200
     176
     170
     186
     207
     186
     192
     167
     174
     197
     189
     187
     195
     182
     181
     201
     174
     208
     168
     166
     167
     160
     192
     195
     159
     182
     181
     180
     159
     167
     170
     179
     176
     165
     157
     176
     158
     164
     199
     190
     170
     172
     166
     175
     180
     161
     172
     174
     143
     192
     183
     184
     190
     157
     161
     180
     184
     173
     178
     179
     175
     174
     189
     184
     185
     202
     184
     183
     186
     233
     435
     636
     546
     360
     216
     186
     202
     200
     224
     229
     208
     214
     197
     170
     160
     150
     162
     158
     154
     173
     169
     160
     152
     168
     189
     143
     164
     157
     160
     160
     151
     160
     162
     157
     158
     164
     171
     158
     136
     162
     159
     167
     144
     158
     160
     149
     155
     140
     158
     154
     143
     153
     157
     168
     165
     176
     156
     159
     155
     141
     147
     185
     141
     151
     154
     150
     135
     144
     139
     142
     142
     164
     157
     142
     167
     119
     156
     135
     159
     138
     144
     143
     190
     157
     188
     160
     171
     165
     123
     168
     133
     129
     159
     121
     162
     158
     155
     146
     135
     141
     153
     134
     150
     169
     179
     154
     155
     142
     127
     138
     141
     128
     128
     134
     137
     145
     147
     142
     157
     148
     141
     130
     149
     141
     140
     129
     149
     137
     138
     126
     128
     131
     150
     134
     147
     132
     131
     118
     140
     131
     129
     120
     160
     122
     124
     131
     126
     151
     133
     187
     258
     256
     197
     151
     128
     134
     115
     132
     141
     137
     153
     122
     142
     160
     141
     132
     122
     128
     141
     126
     133
     125
     116
     133
     129
     104
     142
     117
     137
     131
     135
     133
     122
     144
     136
     136
     114
      97
     123
     113
     128
     108
     127
     116
     128
     122
     124
     131
     128
     120
     109
     105
     138
     110
     129
     122
     117
     117
     125
     126
     129
      99
     115
     115
     123
     119
     102
     115
     141
     133
     114
     135
     137
     146
     125
     126
     135
     105
      99
     128
     124
     112
     119
     137
     124
     113
     140
     133
     137
     126
     135
     114
     120
     129
     104
     131
     116
     148
     115
     118
     105
     125
     126
     112
     115
     125
     131
     132
     124
      96
     135
     131
     152
     196
     200
     166
     159
     118
     113
     124
     112
     110
     110
     107
     125
     122
     116
     108
     105
     111
     112
     119
     110
     115
     102
     120
      98
     108
      91
     111
     121
      99
     111
     112
     109
     111
     119
     111
     164
     288
     303
     307
     205
     118
     105
     104
     102
      99
     127
     105
      99
     111
     104
     118
     108
     101
     101
      80
     110
     124
      82
     100
      95
      99
     100
     108
     118
      83
      91
      97
      97
      97
      92
      91
     108
     108
      89
      97
      94
     109
      74
     102
      76
     105
      93
     116
      83
     105
     101
      97
      95
     107
      96
     103
     100
      91
     101
      96
     110
      88
     107
     102
     106
     103
      78
      88
      84
      83
      99
      89
     104
      94
      86
     105
      99
      87
     100
      95
     109
      84
      79
     101
      88
      77
     101
      92
      95
     114
      96
      94
      85
      93
      89
      77
      86
      82
      84
      97
      92
      97
     111
     101
     106
      98
      92
     108
      92
     100
      98
      70
      91
      78
      85
      87
      86
      90
      84
      83
      97
     107
      98
      89
      81
      91
      98
      92
      99
      84
      93
      75
      85
     101
      92
      85
      88
      80
      74
      92
      86
      89
      65
      84
      90
      77
      87
      75
      89
      89
      88
      99
      79
     101
     103
      75
      84
      75
      75
      69
      77
      92
      70
     100
      92
      79
     100
      71
      89
      87
      73
      85
      89
      95
      63
      82
      71
      86
      90
      87
      65
      91
      66
      61
      83
      92
      64
      76
      73
      92
      88
      93
      86
      85
      82
      88
      81
      84
      92
      77
      80
      85
      88
      88
      88
      84
      84
      71
      84
      79
      71
      77
      98
      86
      83
      96
      76
      70
      80
      70
      71
      71
      88
      75
      78
      89
      92
      80
      82
      75
      93
      70
      83
      86
      81
      75
      67
      93
      87
      68
      74
      98
      70
      69
      85
      87
      74
      92
      94
      76
      68
      76
      72
      91
      78
      75
      76
      93
      80
      80
      96
      75
      73
      97
      64
      80
      75
      68
      80
      79
      89
      87
      77
      68
      69
      71
      76
      87
      82
      72
      75
      69
      69
      86
      64
      90
      68
      67
      65
      77
      73
      70
      78
     100
      94
     102
      75
      85
      73
      75
      75
      67
      72
      95
      74
      79
      77
      75
      76
      75
      52
      76
      86
      80
      77
      74
      69
      88
      78
      67
      65
      67
      74
      73
      80
      81
      74
      66
      68
      74
      70
      66
      71
      88
      64
      67
      84
      71
      57
      63
      78
      71
      73
      61
      73
      62
      58
      64
      72
      58
      88
      64
      75
      64
      75
      72
      72
      86
      82
      75
      75
      67
      73
      59
      61
      55
      66
      65
      74
      73
      66
      81
      60
      63
      66
      77
      75
      63
      69
      66
      63
      75
      64
      67
      82
      69
      57
      71
      62
      64
      74
      80
      70
      61
      68
      52
      76
      69
      50
      67
      88
      67
      85
      78
      66
      71
      65
      71
      66
      73
      92
      79
      80
      87
     106
     130
     156
     184
     310
     369
     464
     582
     571
     583
     479
     365
     252
     169
     144
     116
      70
      95
      93
      69
      75
      55
      62
      65
      55
      54
      68
      59
      54
      70
      60
      64
      66
      63
      60
      71
      64
      64
      54
      70
      64
      71
      50
      66
      54
      59
      46
      49
      60
      62
      66
      56
      67
      73
      61
      61
      58
      51
      67
      49
      58
      53
      74
      61
      64
      66
      57
      68
      56
      74
      43
      59
      76
      49
      57
      59
      56
      69
      68
      63
      61
      55
      74
      71
      55
      73
      57
      62
      48
      66
      63
      47
      40
      61
      56
      58
      59
      67
      41
      52
      52
      59
      48
      60
      47
      63
      64
      55
      57
      65
      47
      72
      64
      55
      59
      54
      70
      56
      56
      65
      55
      57
      64
      51
      70
      62
      59
      54
      60
      54
      61
      59
      83
      61
      57
      67
      59
      43
      57
      41
      70
      68
      57
      54
      52
      60
      61
      61
      57
      62
      61
      49
      47
      66
      66
      65
      41
      65
      43
      55
      53
      64
      74
      68
      58
      59
      56
      62
      48
      51
      56
      61
      77
      61
      63
      65
      52
      71
      62
      53
      54
      53
      41
      54
      55
      49
      54
      58
      50
      47
      62
      55
      66
      50
      58
      70
     106
     176
     225
     187
     130
      72
      64
      57
      45
      61
      50
      71
      59
      63
      50
      58
      53
      59
      46
      73
      44
      51
      59
      58
      55
      55
      58
      35
      49
      48
      43
      53
      51
      47
      57
      63
      60
      51
      47
      58
      59
      49
      60
      51
      46
      53
      65
      61
      71
      58
      56
      61
      55
      58
      65
      58
      58
      54
      53
      66
      50
      50
      57
      39
      51
      43
      40
      62
      77
     124
     212
     234
     258
     154
      67
      60
      62
      46
      58
      46
      56
      50
      59
      44
      46
      54
      61
      58
      55
      58
      43
      61
      40
      52
      38
      57
      57
      50
      45
      65
      53
      57
      58
      51
      58
      52
      50
      59
      58
      40
      55
      42
      49
      43
      71
      52
      55
      55
      53
      57
      42
      61
      52
      49
      50
      41
      34
      55
      41
      61
      49
      44
      53
      60
      72
      54
      61
      47
      39
      71
      40
      52
      56
      54
      52
      63
      60
      45
      47
      49
      38
      55
      45
      53
      56
      44
      40
      61
      52
      49
      59
      52
      55
      49
      50
      51
      48
      40
      58
      48
      48
      47
      38
      52
      62
      39
      42
      54
      56
      45
      56
      56
      54
      60
      66
      49
      68
      36
      46
      50
      53
      47
      46
      54
      45
      54
      53
      53
      43
      49
      39
      45
      48
      44
      57
      62
      54
      69
      59
      73
      69
      67
      61
      48
      52
      51
      48
      48
      48
      57
      53
      57
      40
      54
      49
      48
      38
      50
      55
      49
      51
      66
      50
      39
      40
      51
      48
      41
      57
      44
      46
      47
      52
      55
      49
      45
      47
      63
      64
      44
      48
      36
      44
      44
      33
      53
      40
      46
      41
      52
      41
      47
      37
      48
      41
      44
      42
      47
      54
      46
      38
      29
      50
      50
      41
      49
      37
      36
      41
      44
      53
      30
      43
      46
      55
      48
      54
      54
      44
      44
      40
      38
      51
      32
      45
      41
      43
      52
      43
      46
      40
      44
      43
      41
      53
      49
      28
      42
      45
      44
      33
      53
      48
      55
      51
      51
      55
      39
      50
      41
      57
      52
      45
      41
      45
      45
      47
      48
      36
      51
      45
      54
      44
      34
      38
      47
      47
      36
      40
      45
      37
      44
      46
      37
      46
      33
      54
      43
      51
      50
      52
      42
      53
      54
      51
      39
      40
      44
      35
      34
      45
      43
      39
      63
      48
      43
      44
      46
      45
      35
      39
      62
      51
      32
      43
      38
      50
      44
      42
      50
      58
      49
      80
      68
      62
      54
      37
      47
      48
      35
      41
      32
      42
      30
      44
      44
      44
      42
      57
      44
      35
      32
      48
      37
      48
      33
      45
      48
      42
      48
      43
      42
      56
      35
      39
      42
      38
      46
      41
      38
      35
      38
      49
      40
      40
      42
      37
      56
      36
      51
      41
      36
      42
      36
      48
      48
      36
      48
      39
      40
      44
      35
      48
      44
      35
      41
      42
      37
      40
      47
      29
      28
      53
      40
      42
      40
      53
      40
      36
      23
      33
      46
      43
      41
      38
      32
      29
      42
      48
      36
      38
      46
      37
      44
      48
      48
      47
      40
      44
      34
      36
      38
      41
      47
      54
      56
      63
      56
      49
      52
      55
      56
      40
      44
      49
      40
      49
      42
      41
      42
      39
      46
      45
      33
      41
      38
      37
      37
      42
      36
      41
      49
      44
      42
      33
      47
      34
      38
      45
      47
      42
      56
      50
      42
      34
      45
      62
      33
      50
      48
      36
      33
      42
      34
      41
      51
      45
      48
      35
      41
      40
      39
      42
      40
      47
      23
      33
      33
      25
      45
      45
      31
      46
      44
      34
      31
      34
      41
      43
      52
      59
      58
      66
      47
      39
      42
      35
      40
      29
      36
      35
      35
      42
      47
      40
      30
      37
      35
      53
      37
      35
      53
      42
      48
      46
      42
      44
      37
      33
      38
      40
      31
      39
      40
      37
      31
      37
      47
      30
      46
      37
      38
      37
      39
      37
      28
      43
      31
      36
      25
      40
      49
      46
      30
      33
      32
      39
      32
      34
      45
      39
      32
      39
      58
      36
      41
      39
      43
      46
      38
      30
      26
      47
      32
      39
      38
      36
      24
      49
      35
      49
      43
      32
      38
      38
      40
      44
      28
      43
      36
      38
      39
      42
      33
      42
      40
      38
      38
      46
      32
      38
      45
      33
      28
      36
      47
      42
      38
      42
      42
      38
      47
      36
      38
      50
      39
      33
      42
      42
      45
      48
      47
      42
      39
      29
      29
      38
      35
      41
      44
      44
      41
      40
      34
      34
      24
      38
      47
      37
      46
      42
      33
      31
      49
      39
      35
      34
      44
      39
      44
      35
      42
      38
      35
      33
      26
      53
      24
      35
      40
      34
      28
      36
      47
      41
      29
      28
      34
      29
      41
      34
      37
      39
      50
      81
      53
      36
      41
      54
      32
      49
      41
      37
      32
      32
      37
      29
      39
      32
      38
      41
      42
      48
      44
      29
      42
      38
      22
      41
      35
      38
      34
      26
      38
      47
      36
      30
      30
      36
      33
      30
      43
      31
      38
      43
      34
      25
      35
      47
      39
      29
      46
      25
      38
      37
      35
      41
      47
      40
      39
      33
      38
      25
      42
      33
      26
      40
      35
      46
      35
      29
      37
      25
      32
      41
      33
      35
      33
      46
      23
      32
      35
      32
      43
      29
      33
      35
      34
      26
      30
      38
      33
      48
      35
      36
      41
      34
      37
      36
      44
      34
      32
      45
      30
      40
      35
      33
      32
      36
      27
      26
      34
      28
      40
      35
      46
      33
      44
      39
      32
      32
      41
      30
      34
      36
      36
      29
      33
      34
      42
      27
      39
      36
      39
      37
      69
     111
     147
     116
      97
      83
      41
      42
      36
      25
      26
      31
      25
      38
      45
      33
      31
      29
      29
      39
      34
      43
      30
      29
      30
      42
      39
      41
      35
      36
      24
      34
      27
      30
      32
      34
      32
      35
      37
      37
      27
      43
      35
      30
      34
      32
      45
      36
      35
      27
      32
      28
      34
      33
      33
      29
      30
      19
      37
      36
      37
      30
      37
      34
      37
      40
      25
      37
      34
      40
      34
      40
      29
      36
      37
      34
      34
      37
      43
      25
      35
      25
      28
      29
      28
      43
      18
      38
      40
      36
      36
      28
      36
      29
      43
      27
      37
      29
      30
      32
      37
      43
      35
      39
      40
      27
      32
      44
      40
      31
      18
      40
      39
      25
      27
      31
      28
      31
      38
      31
      26
      19
      35
      36
      28
      47
      23
      26
      30
      33
      38
      26
      28
      39
      33
      31
      39
      33
      33
      30
      43
      33
      53
      60
      56
      40
      41
      43
      33
      26
      29
      36
      39
      67
      86
     104
      93
      68
      38
      38
      27
      29
      21
      35
      32
      29
      32
      34
      23
      35
      23
      30
      32
      30
      26
      31
      33
      30
      42
      32
      38
      28
      37
      28
      40
      25
      26
      27
      27
      26
      24
      25
      35
      32
      19
      40
      31
      26
      36
      41
      24
      19
      22
      25
      41
      28
      32
      30
      30
      38
      30
      30
      30
      36
      26
      22
      25
      34
      28
      31
      31
      30
      28
      28
      46
      37
      27
      32
      22
      37
      23
      31
      43
      35
      22
      31
      27
      39
      61
      57
      56
      54
      28
      33
      25
      33
      19
      26
      30
      25
      40
      33
      30
      36
      28
      45
      34
      34
      25
      31
      28
      24
      29
      32
      35
      34
      17
      30
      35
      22
      27
      31
      30
      30
      24
      35
      16
      34
      23
      33
      23
      21
      31
      32
      35
      23
      35
      30
      25
      31
      31
      26
      28
      32
      23
      32
      29
      32
      35
      32
      27
      27
      26
      29
      29
      29
      35
      24
      33
      30
      26
      25
      20
      30
      27
      27
      18
      48
      28
      29
      24
      34
      32
      23
      27
      29
      36
      29
      27
      23
      28
      35
      25
      29
      27
      27
      24
      29
      29
      30
      29
      26
      30
      34
      23
      46
      29
      21
      24
      30
      18
      27
      27
      32
      31
      34
      23
      21
      20
      26
      40
      40
      32
      27
      32
      25
      20
      21
      33
      19
      32
      22
      26
      25
      21
      31
      36
      20
      30
      36
      26
      30
      20
      25
      27
      23
      23
      25
      25
      20
      17
      43
      16
      21
      27
      24
      29
      24
      16
      25
      31
      22
      37
      28
      24
      20
      25
      34
      21
      19
      25
      31
      25
      27
      28
      33
      30
      34
      26
      23
      30
      29
      31
      24
      25
      33
      22
      26
      23
      19
      28
      21
      19
      26
      30
      19
      27
      23
      32
      30
      23
      26
      25
      23
      27
      35
      36
      31
      23
      36
      28
      27
      19
      20
      32
      23
      29
      39
      24
      29
      19
      25
      23
      17
      23
      36
      29
      26
      26
      29
      21
      21
      28
      19
      17
      35
      19
      30
      23
      21
      33
      27
      21
      19
      27
      25
      28
      25
      37
      37
      24
      21
      19
      27
      28
      23
      27
      22
      26
      23
      24
      19
      24
      32
      28
      18
      24
      29
      24
      24
      28
      28
      25
      26
      20
      32
      25
      27
      21
      29
      25
      32
      38
      36
      26
      22
      25
      27
      29
      30
      26
      30
      28
      28
      36
      24
      28
      30
      14
      24
      17
      29
      27
      32
      26
      22
      24
      23
      21
      35
      25
      36
      60
      53
      83
      58
      65
      44
      32
      20
      26
      24
      34
      28
      26
      23
      24
      23
      24
      31
      21
      23
      24
      25
      20
      27
      16
      25
      23
      29
      18
      32
      29
      28
      25
      24
      29
      27
      26
      30
      22
      12
      23
      25
      19
      22
      31
      32
      30
      24
      28
      23
      21
      24
      22
      28
      18
      23
      28
      35
      25
      25
      24
      23
      25
      28
      16
      18
      19
      32
      15
      27
      23
      31
      22
      24
      11
      24
      22
      24
      19
      22
      22
      28
      28
      19
      21
      17
      22
      26
      28
      16
      25
      24
      19
      32
      31
      31
      32
      23
      23
      17
      16
      35
      18
      27
      28
      17
      17
      22
      26
      15
      16
      24
      16
      24
      28
      24
      35
      20
      21
      30
      19
      16
      13
      29
      15
      23
      25
      33
      30
      30
      16
      25
      11
      28
      30
      21
      31
      45
      55
      90
     132
     192
     201
     159
      90
      62
      37
      24
      25
      27
      18
      11
      25
      36
      21
      20
      23
      15
      19
      20
      23
      31
      21
      20
      20
      26
      25
      35
      18
      24
      17
      10
      20
      20
      22
      26
      20
      13
      16
      10
      27
      16
      26
      11
      22
      21
      22
      20
      20
      21
      21
      22
      19
      33
      23
      12
      28
      27
      26
      25
      20
      22
      15
      19
      20
      19
      18
      17
      17
      20
      23
      15
      24
      19
      22
      26
      22
      21
      20
      19
      25
      24
      19
      25
      27
      20
      19
      18
      20
      20
      26
      24
      14
      22
      25
      33
      28
      21
      12
      28
      34
      27
      21
      21
      14
      27
      26
      17
      22
      22
      28
      20
      20
      20
      19
      13
      24
      17
      26
      32
      16
      21
      15
      27
      23
      28
      26
      19
      21
      20
      23
      16
      25
      24
      21
      15
      20
      17
      19
      31
      19
      23
      18
      26
      28
      28
      17
      28
      24
      26
      19
      13
      28
      28
      28
      32
      20
      31
      23
      21
      28
      27
      22
      32
      17
      24
      30
      22
      15
      18
      28
      42
      43
      49
      55
      36
      30
      20
      15
      22
      20
      26
      24
      30
      30
      19
      17
      23
      12
      17
      17
      25
      22
      24
      26
      28
      25
      29
      30
      26
      23
      24
      18
      18
      13
      15
      22
      19
      22
      23
      12
      21
      23
      22
      25
      29
      16
      14
      25
      21
      19
      25
      22
      16
      20
      21
      25
      28
      14
      24
      18
      19
      20
      19
      17
      20
      17
      11
      15
      15
      14
      13
      22
      18
      22
      17
      23
      18
      18
      14
      17
      12
      26
      21
      16
      31
      15
      20
      20
      13
      14
      26
      20
      18
      21
      21
      21
      38
      42
      35
      44
      30
      22
      30
      17
      10
      17
      16
      11
      21
      20
      16
      20
      23
      25
      16
      15
      23
      24
      25
      15
      16
      20
      12
      17
      18
      16
      18
      15
      16
      23
      18
      19
      18
      22
      24
      19
      15
      16
      17
      37
      15
      19
      18
      23
      17
      19
      25
      17
      18
      21
      16
      14
      13
      14
      24
      20
      16
      19
      20
      23
      16
      23
      18
      16
      21
      16
      14
      13
      17
      21
      19
      14
      12
      13
      29
      15
      14
       8
      19
      18
      19
      18
      17
      19
      23
      19
      15
      14
      18
      20
      18
      10
      19
      11
      17
      20
      17
      21
      18
      22
      22
      21
      21
      11
      16
      13
      23
      16
      12
      18
      17
      18
      12
      18
      16
      14
      20
      19
      19
      21
      22
      15
      19
      19
      15
      19
      22
       9
      16
      12
      23
      13
      15
      16
      22
      22
      22
      23
      15
      20
      14
      23
      18
      15
      10
      20
      29
      53
      80
     115
     161
     184
     141
      97
      81
      36
      14
      22
      16
       8
      16
      21
      16
      10
      12
      20
      19
      21
      12
      18
      13
      10
      18
      23
      15
      20
      12
      17
      23
      14
      18
      15
      21
      19
      11
      16
      16
      16
      18
      12
      17
      13
      14
      17
      12
      10
      14
      10
      12
      14
      16
      14
       9
      21
      18
      19
      16
      14
      18
      20
      14
      14
      15
      18
      20
      17
      17
      14
      17
      18
      22
       8
      11
      21
      18
      17
      13
      15
      14
      11
      16
      10
      15
      16
      10
      20
      16
      17
      16
      10
      12
      25
      17
      13
      22
      21
       9
      19
      12
      18
      18
      14
      19
      14
      14
      13
      17
      16
       8
      16
      13
      17
      18
      21
      16
      11
      11
      18
      29
      41
      29
      25
      27
      19
      17
      19
      14
      16
      17
      16
       7
      14
       9
      20
      12
      14
      21
      17
      22
      13
      24
      16
      25
      19
      22
      14
      19
      10
      22
      13
      14
      14
      14
      23
      19
      17
      11
      15
      17
      15
      15
      11
      18
      22
      17
      18
      15
      14
      18
      12
      19
      14
      14
      20
      19
      15
      19
      18
      14
      15
      19
      23
      20
      28
      27
      13
      26
      12
      13
      14
      20
      10
      16
      15
      14
      14
      14
      19
      19
      26
      31
      30
      16
      18
      10
      11
      14
      14
      12
      18
      12
      11
      23
      13
      15
      15
      16
      15
      10
      23
      12
      12
      12
      15
      14
      14
      16
      16
      12
      17
       9
      17
      18
      14
      15
      14
      22
      12
       9
      12
      11
      12
      16
      20
      17
      14
      14
      12
      15
      16
      12
      12
      15
      15
      15
      18
      19
      18
      11
      14
      12
      13
      21
      10
      20
      11
      16
      12
      19
      16
      10
      17
      13
      14
      11
      18
      19
      14
      10
      16
      10
      20
      12
      19
      16
      16
      22
      11
       7
      14
      13
      16
      14
      14
      11
      17
      17
      19
      11
      19
      21
      19
      18
      12
      20
      22
       9
      16
      14
      17
      17
      17
      18
      16
      10
      22
      14
      17
       7
      11
      19
      15
      22
      18
      11
      23
      12
      21
      17
      15
      13
      21
      17
      25
      33
      74
      89
     149
     264
     283
     270
     194
     125
      54
      30
      22
       7
      16
      10
      15
      12
      12
      14
      17
      16
      13
      13
      20
      13
       7
       9
      10
      12
      14
      12
      14
      10
       6
      15
      11
      21
      10
      15
      15
       9
      12
      18
      17
      10
      10
      11
      11
       3
       7
      16
      21
       8
      10
      15
       5
      18
      13
      13
      12
      16
      15
       9
      17
      13
      12
       5
      13
      14
       9
      20
       6
      10
      12
      13
      10
      13
       8
      10
      12
      11
      15
       6
      12
       8
      11
      11
      12
      14
       8
      10
      11
      13
      15
      14
      13
      14
      17
      19
      22
      16
      15
      14
      16
      13
      15
      18
       9
       6
      15
      14
       8
      15
      11
      11
       9
      12
       9
       7
       8
      13
      12
      15
      14
      15
       8
      14
      16
      11
      17
      16
      14
      20
      22
      25
      15
       8
      16
      11
      17
      16
      17
      12
      14
      16
      10
      17
      12
      17
      14
      13
      14
      11
       7
       8
      10
      14
      14
      17
      14
       7
      12
      14
       8
      10
      13
      14
      14
       8
       7
       9
       7
      14
      13
       7
      13
      10
      12
      14
      11
      14
      10
       8
      22
      12
      11
      16
      14
       7
      13
      10
       9
       7
       7
      13
      14
      11
      14
       9
      14
      11
      11
      16
      14
      11
       8
      12
      11
      10
      16
      12
      13
       9
      12
      12
      11
      14
      13
      16
      10
      15
      15
      13
      11
       7
      11
      11
      11
      15
       8
      12
      14
       6
       7
       7
      11
      11
      21
       9
      12
      11
      11
      10
      11
      14
       3
       7
       7
       5
      13
      10
       6
      16
       5
      15
       9
       9
       7
      14
       9
      19
       9
      21
      12
       6
       7
      12
      16
      14
       9
      11
      13
      13
       9
       8
      10
       8
      12
      13
      12
       5
      11
       8
      11
      10
      16
      10
       6
       9
      11
       8
      15
      14
      11
       9
       7
      15
      14
      13
      10
       7
      12
      10
       5
      15
      13
       7
      19
      15
       9
       5
       8
       8
      12
      11
      12
       7
      11
       9
      10
      11
      15
      16
       7
      10
      13
       9
      15
      14
      12
      10
       9
       9
      13
       8
       5
       8
      13
      14
      25
      24
      27
      21
      10
      16
      14
      10
      14
       9
      12
      15
      15
      29
      23
      19
      11
      20
      11
      12
      12
      16
      12
      11
      10
       8
      12
       8
       4
      17
      16
      12
      10
       9
       9
       9
       7
       8
      13
       8
       8
       9
      11
      12
      10
       6
       5
       6
       9
      20
      10
      10
      14
      14
      13
      12
       9
       7
       7
      12
       8
       9
      10
      15
       9
      16
       9
      11
       9
      15
       7
      11
       6
      11
      18
       7
      10
       8
       8
       8
       9
      10
      13
      18
       9
      11
       7
       9
      15
      20
      14
      14
       9
      10
      10
       9
      12
      12
      17
       9
      10
       8
      11
      10
       5
      12
       9
      12
      10
      19
      16
      10
      15
      12
      10
      18
      14
      12
      13
      17
      16
      11
       9
       6
      12
       6
       8
      10
       8
      13
       7
      12
      16
      10
      11
      12
       9
       8
      10
      10
      14
      10
       7
      10
       7
       4
      10
       4
      13
      18
       8
      10
      12
       7
       6
       5
      13
      11
       7
       7
      14
      12
       7
       8
       8
      14
       9
      13
       7
       5
      13
       8
      11
      11
       7
      12
       7
      15
       8
       9
      10
      12
      10
       8
      12
      10
      13
       9
      16
      11
      10
      13
      14
      13
      11
      12
      11
       9
      12
       7
      12
      11
      14
      12
       8
      13
       6
       6
       8
      14
      10
       7
       7
       9
       8
       9
      11
      12
       7
       8
      11
       9
       7
      11
      10
       6
       6
      10
      10
       9
       3
      11
      16
       7
       7
      10
      11
      11
       9
      10
       9
       5
      11
       8
       9
      11
      11
       7
      14
      13
       8
      11
      12
      11
      12
       6
      11
       5
      11
       6
      11
      11
      10
      18
       6
       6
       7
       7
       8
       5
      13
      12
       9
      12
       6
       7
       8
       6
      11
      10
       8
       9
      18
      15
       8
      21
       9
       6
      13
      13
      14
       9
      11
       5
       7
       7
       8
       6
      11
      10
      12
       9
      13
      12
      12
       3
      10
       7
       9
      11
       8
       9
       8
       9
       6
       6
       9
       9
      13
       7
       9
      10
      10
      14
       6
      10
       7
      10
       8
       3
      12
      11
      10
      10
       9
       8
      12
      11
      11
       6
       9
       4
       5
       6
       6
       4
       5
       9
      10
       5
       4
       4
       8
      12
       6
       4
      10
      11
      12
      13
       2
       6
      14
       5
       8
      12
       8
       5
       3
      13
      15
      13
       8
      17
      19
      24
      20
      15
      17
      15
      10
       8
      12
      11
       5
       6
      13
      10
       8
       5
       9
      15
       8
      12
       8
       7
      11
      12
      12
       8
       7
      12
       9
       8
       5
       9
      11
       6
       8
       8
      10
       2
      12
       8
       9
      12
      15
       9
       4
      12
      11
       6
       6
      12
      13
      11
       9
       9
      11
       5
       9
      11
       8
      15
      14
       7
       7
       8
       8
       9
      14
       7
       8
       6
       9
       9
       7
      10
      12
       7
       9
       7
      13
      12
      13
      12
      14
       9
      13
       7
       9
      14
      17
      25
      25
      41
      51
      62
      72
      50
      42
      27
      12
       7
      11
       2
       9
       4
      13
       7
       6
      11
       7
       7
       2
      13
      10
       9
       8
      15
       5
       9
      15
       8
       8
       5
       7
       5
       7
      10
       6
      12
       5
       6
       6
       5
      10
       4
      10
      13
      12
      11
       9
       7
       8
       8
      16
       8
       3
      12
       9
       7
       7
       8
       8
      10
       4
       9
       1
       6
      11
       7
      11
       6
       8
       8
      15
       6
      18
       8
      10
       3
       8
      10
       5
      11
      11
       9
      12
       8
       6
       4
       9
       6
       5
       6
      10
       5
      16
      11
       7
       9
       7
       7
       5
      12
       9
       3
       7
       2
       5
      10
       7
       9
       4
       7
       6
      12
       6
      12
       9
       3
       9
       6
       7
       6
       8
       5
      14
      10
       6
      11
       5
      10
       5
       4
       7
       7
       6
       8
       5
      10
       6
       6
      10
      15
       7
       7
       8
      12
       6
       7
       7
       4
       6
       6
       6
       8
       3
       8
       8
      17
      12
       7
       7
       7
       7
       6
       4
       6
       5
       3
       5
       6
      10
       8
      12
      11
      14
       8
       6
       8
       8
      11
      13
       9
       8
      10
       5
       4
       5
       6
       8
       9
       5
       5
       8
      10
       8
       5
       9
      11
       6
       6
       8
       6
       8
      11
       9
      12
       3
       8
       6
       6
       7
       7
       4
       9
      11
       4
      14
       7
       7
       8
      14
      19
      15
      16
      22
      13
      11
      10
       6
      11
       6
       6
      13
      10
       4
      10
       4
       6
       9
      10
       7
       8
      11
       4
       9
       3
       5
       6
       4
      13
       4
       8
       6
      10
       8
       8
       9
       7
       8
       7
       5
       7
       4
       7
       6
      11
       6
       4
       2
       6
       6
       5
       4
       8
       5
       3
       6
      11
       9
       6
      13
       4
       9
       9
       8
       7
       5
       8
       8
      11
      16
       7
      11
       8
       4
      12
      14
       4
      10
      10
       8
       6
       7
       9
       7
      12
       7
       8
       8
      12
       8
       7
       7
      11
       4
       5
       3
       7
       2
       6
       9
       4
       4
       7
       8
       7
       8
      10
      10
       4
       8
      11
       9
       9
       8
       7
      10
       6
       7
       2
       4
       4
       3
       3
       7
       6
       7
      11
       7
      13
       6
       4
       7
       8
       2
       2
       5
       7
       9
       4
       9
       6
       8
      11
       3
      10
       6
       6
       5
       6
      10
       9
      11
       6
       6
       7
       8
      12
       5
       5
       5
       3
      10
       4
      12
       5
       5
       8
       6
       7
       6
       8
       4
      10
       7
       4
       6
       6
       8
       4
       6
       6
       9
       5
       5
       3
       5
       7
      14
       5
       6
       8
       6
      12
      10
       8
       4
      10
       9
      10
      10
      10
      16
       8
       5
       6
      10
       5
       7
       9
      11
       7
       6
       8
      10
      14
       4
      13
       7
      17
       7
       3
       5
       2
       8
       5
       5
       7
       4
       3
       7
       7
       6
       5
       5
       5
       3
       9
      12
       5
       5
       8
       6
       6
       6
       7
       8
      13
       8
       7
       5
      13
      11
      10
      11
       6
       3
       5
       7
       4
       7
       5
       9
       8
      10
       6
       9
      13
       4
       9
      10
       7
       4
       4
      11
       7
       6
       9
       5
       7
       5
       8
      11
      12
       7
      11
       8
       5
       4
      10
       6
      10
       8
       6
      10
       7
       6
       9
       6
       5
       7
       8
       5
       8
       3
       4
       5
       6
      11
       7
      10
       6
      16
       7
       9
       3
      11
       5
       8
      11
       3
       8
       6
      12
       9
       7
       5
       6
       6
       5
      10
       8
       4
       8
       8
       9
       8
      10
      12
       5
       6
       9
      11
       4
       7
       9
      11
      11
       9
       8
      10
       3
       8
       9
       8
       6
       7
       5
       4
       4
       6
      13
       5
       4
       7
       9
       2
       7
      15
       4
       4
       7
       8
       8
       6
       8
       3
       8
       7
       3
       4
       9
       6
       8
      10
       8
      10
       8
       9
       3
      11
       8
       5
       7
       4
       6
      12
       6
       6
      12
       5
      16
       8
       8
      11
       4
       5
       5
       9
       7
       8
       6
       7
       8
       5
       8
       8
       4
       5
       6
      10
       6
      10
       4
      10
      10
       3
       9
       6
       9
       9
       5
       8
      10
       7
       6
       6
       5
       5
       3
       8
       5
       9
      10
       3
       7
       9
       6
       6
       7
       5
       6
       6
       6
       5
       8
       7
       9
       4
       8
       6
       6
       7
       7
       2
       6
       7
       9
       7
       9
      10
       8
       6
       6
       5
       3
       7
       6
       5
       9
       4
      12
      10
       9
       9
       6
       8
       6
       6
       5
       8
      11
       8
       7
       5
      11
       7
       7
       7
       4
       8
       7
       8
       8
       9
       7
       4
       4
      10
       6
       8
       7
      10
       8
       8
       8
       8
       8
      10
       6
       4
       3
      10
       7
       2
       2
       7
       8
       2
       6
       7
       5
       5
      10
      10
       5
       6
       3
       1
      15
       5
      10
      10
       4
       2
       6
       2
       9
       6
       4
       7
       6
       3
       6
      10
       2
       5
       6
      10
       7
      11
       5
       1
       9
       8
       8
       8
      14
       8
       3
       9
       3
       6
       6
       8
       5
       4
       6
       4
       8
       7
       8
       4
      10
       8
       3
       6
       5
       4
       7
       7
       5
       7
       3
       5
       4
       7
       2
       5
       6
       7
       7
       6
       7
       5
       7
       2
       4
       7
       9
       9
       4
       4
       9
       9
       3
      10
      11
       9
       8
      12
       5
       8
       5
       5
       7
       9
       2
       7
       6
      13
       4
       6
       5
       5
      12
       3
       9
       6
       6
       6
       3
       4
      10
       6
       7
       8
      10
       3
       5
       9
       4
       8
       9
       8
       9
       8
       8
       7
       4
       6
       6
       9
       6
      10
       5
       6
      12
       7
       3
       6
      11
      14
      13
      13
      14
      23
      19
      26
      17
      19
       8
       3
      12
      12
      10
       6
       9
      12
       1
       7
       8
      14
       6
       7
       8
       5
      11
       4
       4
       7
       8
      11
       9
       8
      11
       9
       6
       2
       5
      10
       4
       6
      11
      13
      10
       8
       2
      10
       7
       8
       6
      11
       6
       8
      10
       9
       7
       5
      11
       7
       7
       3
       6
       8
       9
      10
       8
       0
       8
       4
       9
       3
       6
       9
       7
       8
       5
       9
       5
       4
       6
       6
       4
       5
       9
       6
       6
       6
       6
       7
       7
       6
       7
       8
       5
       7
       8
       9
       8
       5
       7
       5
       5
       2
       9
       1
       7
       7
       9
       5
       6
       6
       2
       4
      11
       5
      10
       3
       4
      12
       4
       3
       4
       3
       2
       5
       6
       5
       9
       3
       8
       3
       5
       6
       7
      11
      12
       7
       5
       4
       3
       7
       9
       8
       4
       9
       6
       5
       6
       4
       8
      12
       5
       9
       7
       6
       8
      10
       3
       7
       5
       6
       4
       3
       7
       6
       9
       9
       3
       3
       6
       4
      11
       7
       8
       8
       5
       9
       7
      10
       9
       4
       5
       1
      11
       8
       8
      10
       3
       8
       5
       6
       8
       2
       5
       5
       3
       8
       6
       7
      14
       4
       3
       4
       7
      11
       4
       6
       4
       7
      10
       5
       6
       4
       5
       5
       3
       6
       5
       5
       8
       6
       7
      12
       8
       5
       9
      10
       8
       7
       7
       6
       7
       4
       6
       5
       3
       5
      10
       7
       8
       4
       7
      10
       7
       9
       8
       3
       8
       6
       5
       5
      11
       3
       5
       6
      12
      12
       4
       5
       7
       5
       6
       8
       7
       5
      11
       6
      19
      22
      17
      30
      16
      25
      10
      10
       9
      10
       4
       9
       7
       9
       1
       4
       6
       2
       3
       5
      12
       4
       6
       6
       6
       5
       8
       6
       6
       9
       6
       8
       4
       5
       6
       5
       7
       3
       9
       6
       6
       5
       4
       4
       3
       6
       6
       5
       7
       4
       7
       3
       5
       3
      10
       9
       8
       6
       8
       2
       2
       4
       5
       7
       4
       7
       3
       5
       2
       5
       5
       5
       4
       3
       9
       6
       8
       2
       3
       6
       4
      10
      12
       8
       6
       8
       6
       7
      10
       2
       6
       6
       5
       7
       5
       6
      10
       1
       5
       7
      15
       4
       3
       8
       9
       5
       7
       3
       7
      10
       6
       9
       5
       3
       9
      10
       3
       2
       4
       6
       5
       7
      12
       3
       6
       2
       4
       8
      13
       5
       1
       8
       4
      10
       2
       8
       9
       7
       5
       9
       6
       4
       4
       9
       6
       6
       5
       1
       3
       5
       7
      10
       6
       6
       2
       2
      12
       5
       5
       7
       6
       7
       6
       9
       9
       7
       2
       6
       8
       3
       5
       4
       5
      10
       9
       5
       7
       4
       4
       8
      13
       6
       5
       5
       8
       3
       5
       4
       9
       2
       6
       9
      11
       4
       6
       5
       8
       6
       3
       5
       7
       1
      15
       2
       3
       9
       8
       8
       6
       2
      13
       6
       8
       6
       7
       6
       3
       6
      10
       8
       2
      10
       6
       5
       8
       4
       5
       3
       4
       3
       9
       4
       6
       8
       8
       6
       8
       6
       6
       9
       8
       7
       4
       5
       2
       9
       8
       3
      11
       5
       6
       6
       7
       6
       4
       5
       7
       6
       6
       4
       7
       5
       4
       9
       4
       4
       8
       3
       6
       3
       4
       7
       7
       6
       1
       2
       4
       2
       7
       3
       2
       8
       6
       5
       6
       6
       3
       8
       5
       6
       6
       3
       3
       5
       3
       5
       6
       1
      13
      10
       8
       5
       7
       6
      12
       5
       9
       6
       5
       7
       2
       6
       7
       6
       4
       3
       5
       5
       9
       5
       5
      10
       7
      11
       7
       3
       8
       5
       5
       6
       6
       5
       9
       4
       6
       6
       5
       8
       5
       4
       5
      11
       1
       5
       4
       4
       5
       5
       4
       5
       5
       5
       3
       7
       6
       5
       5
       2
       9
       5
       5
       6
       8
       9
       5
       7
       4
       7
       5
       8
       9
       6
       3
       5
       9
       7
      12
       2
       6
       5
       9
       4
       4
       6
       5
       9
       6
       4
       3
       5
       3
       4
       4
       6
       8
       7
       6
       8
       7
       7
       4
       3
       7
       6
       6
       9
       9
       6
       2
       6
       5
      10
       8
       3
       2
       3
       4
       5
       7
       7
       4
       8
      12
      10
       7
       4
       7
       3
       2
       5
       4
      11
       4
       3
       8
       2
       6
       8
       5
       4
       2
       6
       5
       6
       7
       9
       1
      13
       5
       6
       8
       9
       5
       3
       4
       5
       6
       6
       9
       5
       7
       7
       8
       3
       6
       4
       3
       8
       3
       3
       8
      10
       5
       7
       3
       6
       7
       8
       6
       2
       2
       4
       7
       4
       3
      10
       1
       3
       2
       6
       7
       6
       7
       0
       7
       4
       7
       5
       6
       1
       6
       2
       3
       4
       6
       2
       5
       6
       7
       3
      10
       5
       1
       5
       2
       7
       7
       1
       5
       6
       8
       5
       6
       3
       3
       4
       8
       6
       4
       7
       7
       5
       4
       4
       4
       3
       2
       4
       5
       4
       9
       4
       8
       5
       4
       5
       6
       2
       8
       6
       8
       4
       5
      12
       4
       7
       6
       4
       4
       6
       4
       3
       4
       6
       4
       1
       5
       7
       4
       4
       4
       3
       7
       3
       5
       9
       5
       5
       6
       8
       5
       5
       7
       2
       7
       3
       3
       3
       6
       5
       4
       5
       6
       4
       2
       5
       6
       3
       5
       7
       3
       2
       3
       5
       6
       7
       6
       5
       8
       3
       5
       1
       4
       4
       6
       7
       9
       1
       2
       6
       1
       3
       3
       6
       3
      10
       4
       4
       4
       8
       2
       2
       6
       4
       9
       5
       4
       8
       5
       8
       8
       7
       5
       4
       8
      12
       6
       8
       8
       6
       9
       7
       5
       4
       2
       2
       7
       3
       4
       4
       7
       7
       5
       4
       7
       5
       2
       4
       1
      10
       9
       9
       1
       4
       3
       8
       3
       4
       4
       4
       7
       6
       6
       5
       1
       3
       3
       7
       5
       5
       0
       3
       2
       3
       6
       2
       5
       4
       5
       3
       5
       4
       4
       4
       3
       3
       1
       5
       5
       4
       3
       6
       1
       6
       4
       6
       3
       1
       6
       3
       4
       3
       5
       6
       5
       3
       2
       5
       6
       3
       6
       7
       3
       1
       2
       5
       4
       7
       6
       3
       5
       7
       9
       6
       3
       4
       6
       3
       3
       7
       3
       5
       5
       0
       5
       6
       1
       8
       3
       1
       2
       5
       5
       5
       2
       3
       6
       3
       1
       8
       6
       5
       3
       4
       3
       4
       7
       0
       5
       7
       6
       9
       2
       6
       2
       1
       3
       3
       2
       1
       4
       2
       7
       5
       2
       1
       6
       8
       3
       3
       2
       6
       8
       3
       6
       2
       3
       5
       7
       2
       4
       5
       6
       2
       2
       3
       5
       6
       4
       3
       5
       4
       1
       6
       6
       4
       1
       6
       2
       7
       7
       3
       1
       5
       5
       2
       3
       4
       4
       9
       7
       3
       3
       1
       5
       2
       5
       5
       7
       7
       7
       0
       2
       1
       2
       6
       3
       3
       3
       4
       1
       4
       1
       0
       2
       0
       3
       4
       5
       2
       5
       3
       4
       6
       5
       3
       4
       5
       6
       4
       4
       6
       4
       2
       4
       2
       0
       3
       2
       6
       3
       2
       2
       3
       2
       3
       2
       4
       3
       3
       4
       6
       4
       3
       3
       3
       2
       4
       3
       4
       8
       3
       3
       8
       7
       3
       3
       3
       3
       3
       4
       4
       4
       2
       1
       3
       3
       1
       6
       3
       2
       3
       7
       7
       4
       6
       5
       2
       7
       6
       3
       5
       4
       5
       4
       3
       4
       7
       3
       3
       4
      10
       2
       3
       4
       3
       3
       2
       1
       2
       3
       4
       1
       6
       5
       4
       4
       2
       3
       0
       5
       4
       3
       2
       1
       4
       4
       3
       2
       6
       2
       4
       4
       5
       4
       4
       4
       3
       2
       3
       4
       2
       1
       6
       2
       5
       7
       2
       2
       9
       3
       5
       1
       3
       2
       6
       4
       6
       3
       4
       2
       4
       3
       5
       3
       4
       5
       3
       4
       2
       2
       5
       4
       1
       3
       3
       3
       2
       1
       1
       4
       4
       3
       6
       0
       6
       4
       4
       3
       1
       2
       1
       1
       0
       3
       6
       1
       1
       6
       6
       1
       6
       3
       3
       4
       2
       2
       5
       1
       4
       2
       3
       1
       4
       5
       5
       2
       2
       3
       8
       4
       2
       3
       5
       1
       4
       5
      11
       8
      15
      17
      25
      36
      67
      85
     106
     126
     133
     121
      89
      52
      27
      25
      17
      11
       4
       3
       4
       4
       2
       0
       1
       5
       3
       1
       3
       1
       4
       5
       2
       2
       1
       2
       2
       1
       4
       2
       3
       3
       1
       5
       5
       2
       2
       2
       2
       3
       3
       3
       5
       5
       5
       2
       2
       0
       1
       4
       5
       2
       5
       3
       5
       3
       5
       2
       2
       1
       4
       4
       6
       2
       4
       2
       2
       4
       3
       1
      10
       5
       2
       8
       3
       3
       3
       5
       3
       4
       6
       1
       3
       4
       3
       1
       4
       2
       5
       3
       2
       1
       3
       1
       2
       2
       1
       3
       3
       5
       4
       3
       3
       4
       1
       2
       4
       7
       4
       3
       2
       5
       0
       2
       3
       2
       4
       3
       2
       5
       4
       1
       3
       2
       3
       1
       4
       2
       1
       2
       4
       2
       2
       7
       2
       2
       5
       5
       1
       0
       2
       3
       1
       1
       2
       2
       4
       3
       3
       2
       2
       3
       4
       5
       2
       6
       3
       4
       1
       3
       2
       4
       3
       2
       3
       4
       3
       0
       4
       1
       4
       1
       1
       0
       2
       2
       0
       3
       4
       6
       2
       2
       3
       3
       2
       3
       1
       3
       5
       4
       2
       2
       3
       4
       6
       3
       4
       1
       6
       1
       3
       2
       1
       4
       4
       3
       4
       4
       6
       1
       0
       3
       4
       1
       5
       2
       5
       0
       8
       1
       4
       1
       3
       3
       6
       2
       2
       6
       3
       5
       1
       4
       4
       5
       0
       3
       4
       0
       2
       3
       2
       3
       4
       0
       2
       1
       1
       0
       3
       5
       3
       2
       2
       1
       3
       2
       0
       1
       4
       1
       3
       1
       2
       1
       3
       3
       2
       5
       1
       3
       0
       4
       5
       1
       3
       1
       6
       2
       2
       2
       6
       1
       2
       1
       4
       2
       5
       2
       3
       4
       2
       4
       1
       4
       1
       2
       1
       2
       4
       0
       2
       3
       4
       3
       4
       3
       0
       4
       3
       3
       3
       4
       9
       4
       2
       3
       3
       6
       5
       2
       2
       2
       0
       2
       2
       4
       0
       6
       2
       2
       6
       2
       1
       7
       2
       2
       4
       4
       1
       8
       2
       3
       3
       2
       2
       1
       3
       1
       1
       2
       1
       2
       2
       2
       4
       4
       4
       1
       3
       1
       0
       1
       2
       2
       2
       4
       2
       1
       3
       2
       4
       3
       2
       1
       1
       2
       5
       2
       3
       4
       6
       3
       5
       4
       3
       3
       3
       5
       3
       2
       3
       7
       1
       6
       1
       2
       2
       1
       2
       3
       4
       5
       2
       4
       2
       1
       3
       3
       2
       2
       4
       2
       6
       3
       1
       1
       5
       3
       2
       2
       2
       2
       5
       2
       2
       4
       4
       1
       2
       2
       1
       3
       7
       4
       4
       1
       3
       3
       4
       2
       5
       2
       5
       2
       3
       8
       2
       5
       2
       2
       1
       2
       3
       2
       3
       0
       2
       2
       8
       2
       2
       3
       2
       3
       2
       4
       3
       1
       4
       2
       1
       1
       1
       5
       0
       3
       5
       6
       4
       5
       2
       3
       1
       2
       3
       2
       6
       2
       1
       0
       0
       4
       3
       2
       6
       3
       0
       4
       1
       2
       1
       4
       3
       0
       5
       0
       1
       5
       3
       3
       1
       4
       4
       3
       2
       2
       4
       3
       2
       3
       2
       3
       1
       1
       5
       0
       6
       2
       4
       0
       2
       6
       3
       3
       5
       4
       1
       6
       2
       4
       0
       2
       4
       5
       2
       6
       0
       3
       4
       3
       5
       3
       6
       2
       3
       3
       4
       0
       2
       2
       3
       4
       2
       2
       3
       3
       0
       3
       3
       5
       0
       3
       1
       5
       3
       0
       3
       0
       1
       2
       1
       4
       2
       4
       1
       5
       3
       1
       4
       4
       1
       4
       4
       4
       0
       2
       2
       4
       1
       2
       2
       5
       2
       3
       1
       3
       2
       2
       2
       3
       5
       2
       5
       2
       2
       0
       4
       1
       3
       6
       2
       2
       1
       4
       4
       4
       2
       1
       0
       3
       4
       2
       0
       4
       2
       2
       3
       7
       2
       3
       1
       2
       1
       3
       1
       1
       2
       3
       1
       1
       3
       3
       4
       2
       2
       4
       3
       1
       7
       1
       2
       2
       2
       2
       3
       3
       4
       3
       2
       4
       2
       3
       0
       2
       2
       4
       2
       0
       2
       4
       0
       1
       2
       4
       1
       0
       1
       1
       4
       3
       4
       1
       3
       3
       3
       1
       1
       4
       2
       1
       2
       0
       3
       1
       3
       5
       6
       0
       3
       1
       0
       2
       0
       0
       3
       3
       3
       2
       4
       2
       1
       3
       3
       2
       3
       1
       2
       5
       3
       2
       3
       2
       2
       1
       0
       3
       2
       1
       5
       5
       3
       2
       1
       2
       5
       2
       2
       2
       4
       5
       3
       2
       1
       2
       0
       0
       2
       2
       2
       4
       1
       0
       3
       1
       1
       2
       2
       2
       7
       2
       1
       3
       6
       2
       2
       4
       5
       2
       4
       1
       4
       1
       2
       2
       4
       1
       3
       1
       3
       2
       2
       2
       5
       1
       5
       1
       2
       3
       2
       0
       2
       5
       3
       0
       2
       2
       3
       5
       1
       0
       1
       0
       1
       4
       2
       7
       2
       7
       4
       1
       0
       2
       4
       3
       4
       2
       4
       1
       2
       0
       1
       2
       3
       1
       3
       1
       2
       1
       6
       1
       0
       2
       4
       2
       4
       1
       1
       2
       3
       3
       1
       5
       1
       5
       3
       4
       6
       5
       4
       2
       3
       1
       4
       3
       5
       1
       3
       2
       1
       7
       3
       4
       3
       1
       4
       3
       2
       2
       2
       5
       3
       2
       1
       7
       3
       2
       3
       2
       3
       3
       1
       4
       1
       4
       1
       2
       1
       1
       3
       1
       4
       1
       2
       3
       3
       4
       1
       1
       2
       1
       2
       2
       0
       2
       1
       0
       4
       3
       1
       5
       1
       3
       2
       4
       1
       2
       2
       1
       5
       3
       5
       1
       3
       3
       0
       4
       3
       1
       1
       4
       1
       3
       3
       5
       1
       2
       2
       3
       5
       1
       2
       4
       0
       2
       2
       0
       2
       3
       2
       4
       3
       1
       3
       2
       3
       2
       0
       4
       2
       1
       4
       3
       3
       1
       9
       3
       0
       3
       1
       0
       3
       1
       2
       2
       3
       6
       0
       0
       2
       0
       3
       4
       3
       3
       2
       3
       1
       1
       3
       3
       4
       1
       1
       3
       2
       8
       6
       2
       3
       2
       2
       1
       3
       1
       4
       1
       1
       3
       7
       3
       2
       4
       4
       2
       7
       1
       1
       1
       3
       2
       0
       2
       5
       5
       2
       3
       1
       1
       3
       3
       1
       1
       3
       4
       2
       1
       1
       1
       1
       4
       4
       1
       1
       1
       2
       0
       2
       3
       3
       3
       4
       2
       3
       2
       1
       2
       2
       1
       1
       1
       1
       2
       3
       1
       3
       2
       3
       4
       0
       5
       1
       2
       1
       0
       3
       0
       1
       2
       4
       2
       3
       4
       3
       2
       2
       2
       6
       3
       3
       4
       6
       3
       4
       1
       3
       1
       7
       6
       4
       4
       3
       4
       1
       3
       0
       1
       0
       2
       0
       2
       3
       2
       1
       3
       1
       4
       7
       2
       2
       3
       3
       2
       5
       5
       3
       4
       3
       0
       3
       2
       0
       3
       2
       2
       3
       1
       2
       1
       2
       0
       2
       3
       4
       1
       2
       6
       0
       6
       1
       4
       1
       1
       1
       3
       2
       2
       3
       0
       0
       0
       0
       0
       0
       0
       0
       0
       0
       0
       0
       0
       0
       0
       0
       0
       0
       0
       0
       0
       0
       0
       0
       0
       0
       0
       0
       0
       0
       0
       0
       0
       0
       0
       0
       0
       0
       0
       0
       0
       0
       0
       0
       0
       0
       0
       0
       0
       0
       0
       0
       0
       0
       0
       0
       0
       0
       0
       0
       0
       0
       0
       0
       0
       0
       0
       0
       0
       0
       0
       0
       0
       0
       0
       0
       0
       0
       0
       0
       0
       0
       0
       0
       0
       0
       0
       0
       0
       0
       0
       0
       0
       0
       0
       0
       0
       0
       0
       0
       0
       0
       0
       0
       0
       0
       0
       0
       0
       0
       0
       0
       0
       0
       0
       0
       0
       0
       0
       0
       0
       0
       0
       0
       0
       0
       0
       0
$ROI:
6
142 175
622 632
635 651
769 786
1682 1828
6892 6933
$PRESETS:
None
0
0
$ENER_FIT:
0.200042 0.378074
$MCA_CAL:
3
2.000416E-001 3.780739E-001 1.596453E-008 keV
$SHAPE_CAL:
3
2.091645E+000 1.039361E-003 -4.171630E-008
