$SPEC_ID:
No sample description was entered.
$SPEC_REM:
DET# 1
DETDESC# DESKTOP-I9R95QV 926
AP# Maestro Version 7.01
$DATE_MEA:
09/23/2020 12:38:13
$MEAS_TIM:
1124862 1125110
$DATA:
0 8191
       0
       0
       0
       0
       0
       0
       0
       0
       0
       0
       0
       0
       0
       0
       0
       0
       0
       0
       0
       0
       0
       0
       0
       0
       0
       7
      58
     458
    1616
    1722
    1695
    1758
    1674
    1700
    1675
    1652
    1705
    1634
    1631
    1631
    1609
    1698
    1634
    1563
    1622
    1622
    1642
    1658
    1514
    1600
    1518
    1519
    1590
    1529
    1565
    1539
    1542
    1539
    1537
    1541
    1499
    1472
    1597
    1470
    1514
    1520
    1543
    1542
    1587
    1625
    1612
    1566
    1579
    1682
    1669
    1650
    1718
    1753
    1874
    1766
    1904
    2080
    2203
    2135
    1851
    1691
    1593
    1467
    1409
    1423
    1427
    1535
    1402
    1385
    1408
    1494
    1458
    1477
    1471
    1544
    1476
    1482
    1454
    1497
    1461
    1483
    1428
    1458
    1521
    1476
    1461
    1616
    1555
    1543
    1509
    1535
    1494
    1681
    1606
    1654
    1634
    1589
    1647
    1708
    1768
    1888
    2196
    2464
    2568
    2472
    2302
    1988
    1791
    1763
    1668
    1740
    1807
    1741
    1776
    1798
    1810
    1753
    1739
    1680
    1749
    1824
    1846
    1867
    1863
    1981
    2038
    2077
    2245
    2423
    2618
    2630
    2628
    2599
    2925
    3260
    3509
    3287
    3016
    2512
    2386
    2416
    2565
    2410
    2250
    1847
    1850
    1688
    1848
    1835
    1743
    1842
    1842
    1794
    1814
    1871
    1976
    1916
    1962
    2033
    2373
    2390
    2664
    2739
    2617
    2387
    2240
    2180
    2301
    2220
    2239
    2198
    2213
    1953
    2018
    2009
    2035
    1985
    2207
    2147
    2272
    2613
    3239
    3961
    4618
    4789
    4022
    3148
    2536
    2126
    1922
    1825
    1796
    1689
    1687
    1736
    1624
    1728
    1764
    1853
    1868
    1933
    1874
    1836
    1793
    1749
    1711
    1708
    1664
    1616
    1667
    1736
    1729
    1719
    1738
    1765
    1653
    1855
    1772
    1838
    1816
    1823
    1771
    1699
    1837
    1803
    1793
    1818
    1811
    1821
    1835
    1876
    1839
    1847
    1736
    1926
    1880
    1922
    1965
    1964
    1918
    1907
    1806
    1894
    1786
    1821
    1797
    1768
    1771
    1713
    1847
    1787
    1784
    1725
    1809
    1783
    1685
    1823
    1779
    1780
    1877
    1761
    1757
    1758
    1782
    1859
    1792
    1789
    1854
    1733
    1768
    1795
    1760
    1767
    1820
    1769
    1762
    1869
    1891
    1859
    1840
    1837
    1778
    1920
    1882
    1882
    1849
    1775
    1795
    1850
    1810
    1847
    1784
    1761
    1802
    1787
    1817
    1764
    1731
    1874
    1765
    1717
    1770
    1768
    1719
    1752
    1806
    1754
    1734
    1789
    1832
    1814
    1774
    1849
    1749
    1783
    1875
    1722
    1692
    1844
    1885
    1861
    1976
    2076
    2155
    2141
    2100
    1938
    1783
    1764
    1764
    1673
    1728
    1776
    1753
    1710
    1702
    1683
    1757
    1731
    1627
    1691
    1664
    1693
    1712
    1741
    1755
    1713
    1702
    1756
    1698
    1739
    1736
    1781
    1730
    1673
    1588
    1735
    1664
    1680
    1703
    1682
    1713
    1647
    1719
    1665
    1686
    1739
    1644
    1688
    1629
    1558
    1679
    1629
    1718
    1755
    1715
    1779
    1912
    1794
    1846
    1682
    1719
    1640
    1585
    1650
    1655
    1588
    1637
    1607
    1617
    1664
    1553
    1600
    1615
    1595
    1559
    1612
    1567
    1556
    1539
    1630
    1513
    1554
    1533
    1653
    1595
    1568
    1598
    1546
    1602
    1674
    1587
    1609
    1664
    1587
    1542
    1535
    1559
    1597
    1491
    1664
    1565
    1593
    1558
    1566
    1547
    1528
    1570
    1621
    1587
    1618
    1567
    1746
    1748
    1826
    2262
    2728
    3335
    3662
    3636
    2995
    2325
    1898
    1671
    1564
    1519
    1520
    1419
    1503
    1477
    1512
    1455
    1442
    1471
    1503
    1433
    1432
    1447
    1496
    1503
    1490
    1431
    1490
    1469
    1505
    1498
    1475
    1411
    1488
    1438
    1423
    1474
    1490
    1482
    1511
    1471
    1467
    1456
    1422
    1503
    1423
    1460
    1447
    1485
    1419
    1499
    1454
    1469
    1440
    1501
    1512
    1593
    1638
    1568
    1489
    1433
    1487
    1349
    1497
    1416
    1414
    1521
    1586
    1553
    1513
    1437
    1371
    1416
    1334
    1367
    1374
    1369
    1370
    1345
    1424
    1363
    1324
    1261
    1260
    1332
    1321
    1310
    1304
    1339
    1325
    1315
    1312
    1235
    1294
    1329
    1357
    1286
    1290
    1307
    1331
    1298
    1336
    1292
    1290
    1359
    1281
    1402
    1337
    1216
    1251
    1255
    1236
    1306
    1329
    1294
    1325
    1288
    1294
    1273
    1316
    1238
    1295
    1227
    1298
    1224
    1299
    1244
    1290
    1329
    1261
    1273
    1299
    1315
    1299
    1263
    1259
    1250
    1273
    1250
    1278
    1343
    1360
    1397
    1445
    1641
    1984
    2483
    2998
    3304
    2999
    2452
    1851
    1606
    1445
    1429
    1552
    1580
    1529
    1389
    1366
    1275
    1216
    1194
    1267
    1176
    1138
    1180
    1129
    1158
    1155
    1212
    1134
    1147
    1141
    1133
    1135
    1084
    1098
    1112
    1171
    1149
    1141
    1191
    1146
    1116
    1112
    1142
    1104
    1113
    1140
    1029
    1065
    1190
    1126
    1099
    1065
    1102
    1068
    1124
    1173
    1135
    1095
    1186
    1168
    1077
    1063
    1137
    1136
    1062
    1072
    1106
    1040
    1068
    1000
    1111
    1064
     988
    1033
    1059
    1041
    1027
    1114
     959
    1053
    1047
    1027
    1059
    1036
    1043
    1006
    1074
    1110
    1122
    1172
    1163
    1169
    1205
    1101
    1107
    1054
    1024
     963
    1006
     979
    1064
    1027
     967
     958
    1037
     989
    1003
    1023
    1033
    1011
    1064
    1052
    1018
     999
    1043
     987
    1070
     931
     973
     995
    1022
     979
     986
     996
    1012
     970
     963
    1011
     938
     996
    1027
     944
     950
     935
    1011
    1005
     957
     926
     995
     947
     940
     903
     921
     933
     942
     949
     964
     894
     966
     952
     953
     931
     975
     970
     950
    1088
    1226
    1326
    1418
    1543
    1388
    1161
    1075
     978
     966
     893
     895
     944
     922
     945
    1051
     996
    1047
    1024
    1046
     971
     923
     956
     955
     875
     868
     861
     876
     896
     849
     869
     910
     871
     886
     917
     873
     808
     865
     881
     932
     907
     841
     863
     870
     838
     832
     881
     921
     893
     850
     907
     868
     928
     924
     910
     886
     901
     861
     820
     858
     850
     861
     827
     862
     844
     877
     829
     852
     907
     876
     849
     855
     921
     806
     877
     804
     836
     793
     848
     875
     860
     912
     879
     845
     784
     855
     908
     893
     828
     897
     859
     854
     915
     903
     948
     919
     902
     906
     848
     834
     808
     845
     851
     855
     830
     828
     887
     820
     806
     885
     816
     786
     835
     804
     818
     792
     811
     897
     887
    1048
    1089
    1236
    1227
    1101
     990
     854
     870
     777
     823
     776
     765
     793
     772
     737
     815
     728
     776
     769
     811
     712
     751
     806
     754
     774
     791
     719
     767
     776
     746
     743
     788
     754
     788
     818
     853
     920
    1163
    1419
    1622
    1586
    1519
    1322
    1091
     877
     788
     790
     749
     707
     731
     706
     733
     704
     728
     734
     746
     720
     679
     713
     728
     641
     691
     694
     687
     741
     683
     734
     742
     731
     749
     650
     689
     652
     691
     671
     667
     682
     737
     721
     697
     652
     696
     714
     735
     680
     732
     677
     691
     656
     694
     697
     709
     692
     656
     691
     680
     694
     740
     698
     735
     606
     646
     659
     682
     670
     668
     679
     682
     688
     686
     699
     686
     612
     673
     670
     645
     648
     689
     657
     640
     640
     667
     626
     633
     640
     685
     671
     642
     704
     647
     659
     688
     610
     640
     648
     649
     641
     672
     623
     606
     680
     673
     668
     675
     657
     661
     599
     633
     608
     661
     594
     659
     635
     667
     646
     619
     650
     646
     641
     629
     650
     607
     629
     637
     637
     649
     607
     635
     653
     624
     607
     624
     619
     616
     645
     647
     651
     620
     669
     599
     675
     653
     572
     595
     598
     639
     635
     657
     610
     609
     636
     617
     605
     636
     630
     620
     683
     621
     667
     658
     600
     607
     572
     591
     648
     619
     581
     582
     622
     559
     564
     598
     608
     572
     564
     607
     584
     611
     594
     601
     550
     568
     544
     561
     570
     593
     638
     577
     572
     584
     555
     576
     564
     555
     596
     578
     550
     574
     590
     587
     571
     561
     581
     543
     596
     584
     560
     566
     565
     590
     579
     519
     594
     568
     576
     570
     560
     573
     630
     548
     565
     574
     564
     565
     623
     557
     573
     585
     552
     578
     554
     524
     528
     581
     558
     588
     578
     576
     568
     539
     574
     568
     567
     532
     595
     565
     565
     532
     553
     575
     531
     532
     556
     579
     541
     578
     546
     550
     576
     551
     571
     559
     582
     536
     572
     562
     530
     582
     566
     565
     512
     518
     600
     573
     523
     518
     550
     576
     528
     528
     547
     535
     510
     539
     546
     496
     585
     553
     533
     530
     472
     526
     549
     536
     558
     536
     537
     524
     496
     521
     537
     619
     576
     613
     630
     601
     585
     604
     493
     526
     537
     509
     550
     511
     544
     482
     483
     528
     530
     507
     500
     530
     551
     524
     491
     529
     539
     535
     471
     506
     492
     509
     515
     505
     452
     489
     531
     517
     520
     498
     534
     520
     498
     503
     504
     521
     517
     498
     503
     541
     487
     524
     505
     520
     536
     521
     484
     505
     522
     493
     479
     489
     463
     436
     517
     539
     496
     469
     534
     471
     496
     512
     483
     512
     522
     505
     495
     444
     511
     485
     500
     559
     509
     477
     484
     518
     485
     533
     453
     463
     472
     513
     477
     510
     483
     488
     461
     477
     463
     514
     502
     544
     475
     495
     465
     455
     521
     504
     538
     508
     506
     514
     492
     478
     501
     537
     508
     512
     487
     472
     561
     536
     509
     535
     595
     661
     753
     841
     985
    1232
    1546
    1905
    2413
    2828
    3320
    3586
    3272
    3131
    2565
    2071
    1632
    1215
    1005
     828
     682
     595
     550
     495
     471
     480
     465
     486
     427
     476
     453
     460
     440
     482
     442
     430
     456
     469
     446
     438
     410
     435
     434
     477
     441
     432
     423
     462
     470
     407
     487
     431
     430
     427
     443
     438
     465
     482
     465
     465
     398
     451
     471
     452
     451
     405
     445
     461
     420
     456
     443
     424
     406
     454
     445
     480
     467
     435
     410
     447
     411
     444
     432
     433
     407
     452
     433
     477
     439
     385
     441
     427
     416
     385
     411
     451
     407
     428
     429
     417
     394
     444
     418
     464
     385
     381
     430
     471
     394
     440
     402
     458
     413
     426
     422
     439
     419
     433
     437
     417
     416
     404
     431
     435
     419
     395
     421
     457
     394
     429
     438
     405
     385
     404
     420
     406
     405
     415
     415
     428
     394
     425
     414
     418
     386
     393
     433
     411
     417
     427
     441
     424
     442
     409
     403
     446
     413
     390
     412
     391
     397
     429
     412
     375
     381
     419
     435
     422
     386
     416
     424
     427
     438
     436
     443
     466
     426
     406
     418
     425
     384
     403
     414
     414
     396
     399
     448
     424
     400
     395
     385
     371
     416
     418
     430
     422
     414
     409
     404
     429
     434
     445
     461
     467
     537
     606
     760
     983
    1150
    1179
    1091
     854
     680
     539
     410
     443
     362
     403
     388
     384
     417
     386
     411
     392
     399
     421
     396
     383
     366
     380
     362
     354
     399
     383
     379
     324
     367
     397
     378
     407
     403
     356
     370
     409
     419
     390
     420
     395
     409
     421
     396
     393
     417
     391
     420
     407
     381
     361
     384
     367
     413
     374
     412
     436
     411
     381
     406
     394
     435
     415
     386
     405
     372
     403
     431
     500
     579
     752
     899
    1115
    1217
    1251
    1079
     829
     613
     506
     441
     389
     387
     372
     364
     392
     337
     369
     375
     415
     356
     393
     372
     395
     368
     340
     331
     406
     373
     376
     392
     370
     355
     374
     372
     352
     381
     337
     382
     389
     383
     375
     366
     350
     362
     342
     344
     363
     363
     360
     376
     358
     358
     356
     358
     322
     353
     379
     381
     343
     381
     378
     366
     363
     308
     355
     347
     332
     368
     366
     360
     375
     389
     358
     349
     364
     354
     329
     348
     353
     359
     360
     334
     324
     358
     336
     362
     361
     338
     354
     363
     334
     372
     349
     378
     383
     359
     348
     368
     375
     368
     346
     365
     370
     363
     387
     381
     357
     300
     291
     359
     375
     340
     367
     369
     343
     345
     332
     354
     363
     321
     393
     362
     328
     354
     328
     373
     340
     372
     352
     364
     358
     331
     330
     363
     363
     353
     364
     341
     344
     312
     348
     340
     341
     373
     398
     455
     448
     505
     487
     421
     410
     362
     377
     368
     398
     359
     389
     372
     374
     370
     339
     327
     379
     340
     359
     342
     328
     331
     367
     318
     344
     354
     363
     354
     354
     329
     352
     303
     323
     352
     348
     334
     357
     343
     309
     363
     335
     348
     321
     350
     325
     348
     319
     326
     304
     319
     319
     350
     349
     353
     315
     304
     359
     338
     346
     310
     308
     341
     321
     329
     328
     320
     330
     335
     346
     322
     340
     327
     351
     350
     328
     338
     350
     332
     331
     323
     309
     348
     305
     336
     339
     329
     355
     362
     313
     341
     322
     291
     317
     290
     355
     343
     328
     321
     347
     325
     338
     347
     347
     359
     344
     390
     359
     373
     371
     375
     331
     343
     342
     369
     330
     351
     345
     345
     343
     315
     333
     334
     293
     354
     304
     323
     343
     339
     335
     305
     357
     331
     343
     304
     346
     307
     330
     325
     335
     335
     343
     347
     320
     313
     328
     335
     336
     303
     317
     305
     312
     313
     298
     330
     359
     310
     353
     303
     324
     312
     348
     353
     339
     299
     333
     317
     333
     299
     351
     315
     328
     304
     318
     303
     338
     324
     340
     397
     448
     464
     466
     440
     465
     436
     368
     338
     289
     290
     290
     321
     303
     309
     296
     335
     321
     301
     308
     329
     295
     324
     315
     316
     306
     302
     303
     262
     314
     309
     314
     302
     319
     315
     305
     303
     276
     267
     310
     310
     315
     309
     309
     306
     357
     319
     317
     321
     319
     327
     296
     283
     327
     310
     320
     313
     325
     309
     282
     302
     321
     307
     305
     307
     300
     317
     348
     296
     307
     328
     288
     311
     311
     291
     296
     364
     332
     330
     316
     319
     333
     331
     286
     333
     276
     261
     314
     313
     323
     332
     304
     305
     292
     291
     344
     292
     298
     311
     306
     332
     347
     295
     318
     286
     353
     301
     340
     370
     365
     411
     397
     395
     412
     371
     388
     409
     366
     354
     312
     330
     301
     273
     274
     326
     313
     295
     310
     307
     314
     310
     277
     309
     268
     301
     275
     265
     263
     256
     290
     297
     286
     321
     270
     296
     297
     257
     321
     294
     299
     324
     307
     283
     290
     304
     331
     289
     273
     302
     299
     313
     316
     277
     311
     334
     332
     342
     313
     299
     291
     303
     293
     258
     274
     298
     276
     276
     285
     266
     276
     299
     304
     293
     306
     323
     324
     331
     347
     333
     356
     353
     307
     312
     334
     294
     277
     290
     302
     302
     276
     289
     286
     253
     265
     281
     294
     266
     324
     259
     335
     315
     328
     329
     286
     303
     299
     298
     308
     301
     285
     304
     292
     298
     283
     261
     253
     273
     273
     281
     252
     278
     272
     279
     275
     277
     270
     294
     273
     270
     276
     297
     285
     276
     263
     266
     249
     258
     291
     248
     254
     275
     287
     273
     255
     293
     266
     276
     246
     274
     278
     283
     259
     248
     279
     259
     259
     261
     273
     281
     249
     276
     264
     292
     284
     259
     264
     276
     264
     269
     277
     273
     265
     250
     276
     268
     266
     294
     287
     264
     288
     273
     293
     270
     275
     276
     255
     280
     306
     301
     302
     329
     307
     310
     290
     270
     249
     296
     275
     253
     248
     284
     293
     343
     300
     281
     285
     270
     290
     253
     254
     276
     258
     277
     279
     279
     289
     307
     254
     259
     262
     264
     245
     263
     246
     269
     271
     251
     268
     248
     252
     259
     299
     305
     261
     230
     249
     295
     274
     275
     274
     277
     251
     248
     287
     247
     283
     240
     253
     264
     266
     266
     240
     282
     304
     284
     325
     313
     359
     366
     313
     307
     328
     315
     261
     245
     261
     284
     221
     237
     245
     266
     243
     262
     252
     255
     241
     267
     295
     264
     249
     268
     251
     253
     236
     241
     243
     264
     238
     256
     230
     224
     241
     237
     287
     222
     224
     243
     262
     254
     276
     243
     284
     231
     279
     232
     225
     241
     271
     277
     215
     280
     240
     243
     261
     301
     281
     267
     272
     259
     224
     269
     255
     241
     275
     278
     216
     254
     243
     226
     279
     216
     232
     254
     231
     240
     223
     257
     245
     240
     259
     245
     215
     265
     270
     245
     280
     252
     254
     261
     263
     230
     243
     227
     263
     256
     243
     262
     219
     238
     273
     232
     257
     275
     227
     263
     238
     257
     227
     264
     253
     217
     228
     236
     230
     265
     246
     228
     249
     272
     253
     259
     245
     224
     229
     234
     233
     237
     243
     236
     278
     274
     307
     404
     464
     519
     694
     729
     827
     741
     624
     571
     406
     331
     287
     253
     251
     222
     207
     219
     271
     248
     210
     222
     216
     230
     226
     225
     262
     223
     226
     219
     202
     229
     220
     241
     214
     224
     231
     221
     249
     261
     224
     222
     223
     237
     245
     229
     218
     212
     215
     218
     241
     253
     243
     230
     249
     242
     214
     250
     234
     226
     239
     243
     206
     215
     241
     240
     286
     254
     306
     311
     266
     277
     247
     251
     225
     246
     236
     223
     245
     245
     273
     228
     227
     241
     212
     247
     254
     182
     240
     225
     207
     221
     239
     230
     236
     232
     230
     215
     237
     252
     240
     215
     230
     222
     214
     216
     217
     237
     245
     221
     225
     247
     222
     249
     256
     228
     240
     222
     214
     233
     198
     213
     215
     214
     207
     246
     235
     189
     225
     212
     255
     223
     226
     195
     211
     229
     215
     223
     221
     209
     227
     229
     249
     219
     247
     231
     221
     234
     279
     262
     313
     293
     334
     308
     309
     311
     268
     278
     283
     316
     327
     387
     448
     475
     561
     579
     508
     435
     328
     289
     268
     226
     204
     210
     237
     200
     246
     202
     213
     240
     210
     239
     200
     204
     218
     231
     211
     210
     209
     228
     207
     218
     210
     238
     210
     227
     200
     209
     224
     202
     184
     207
     185
     204
     210
     196
     208
     212
     209
     236
     214
     221
     215
     201
     222
     188
     197
     211
     205
     218
     208
     220
     192
     217
     191
     195
     207
     208
     195
     186
     188
     193
     213
     186
     199
     210
     210
     209
     210
     207
     230
     196
     205
     203
     204
     219
     229
     279
     241
     267
     331
     356
     397
     392
     364
     369
     307
     246
     225
     214
     205
     175
     233
     214
     194
     209
     212
     197
     190
     195
     189
     195
     216
     201
     205
     234
     197
     194
     199
     182
     176
     195
     180
     219
     197
     203
     194
     198
     191
     190
     200
     211
     197
     237
     187
     192
     202
     213
     190
     198
     198
     177
     208
     201
     198
     203
     205
     216
     211
     210
     202
     214
     209
     200
     202
     201
     205
     190
     200
     201
     190
     197
     201
     183
     201
     197
     198
     228
     188
     190
     192
     226
     203
     182
     194
     205
     205
     206
     206
     227
     192
     195
     183
     215
     164
     197
     203
     186
     194
     208
     184
     173
     194
     195
     192
     203
     186
     190
     199
     202
     182
     207
     193
     215
     179
     191
     206
     183
     189
     180
     180
     174
     164
     178
     189
     175
     178
     178
     212
     185
     185
     175
     193
     185
     186
     199
     207
     194
     200
     185
     204
     204
     209
     190
     201
     175
     192
     196
     202
     162
     194
     193
     181
     182
     199
     178
     191
     198
     181
     197
     193
     179
     180
     211
     174
     190
     188
     192
     195
     193
     212
     220
     205
     205
     205
     198
     208
     214
     203
     174
     192
     175
     184
     162
     193
     173
     201
     175
     161
     211
     191
     170
     184
     188
     160
     162
     192
     172
     174
     202
     200
     188
     171
     172
     184
     202
     171
     171
     191
     195
     171
     187
     205
     201
     190
     216
     192
     181
     174
     196
     193
     179
     204
     189
     174
     183
     188
     177
     184
     185
     160
     165
     191
     173
     170
     182
     177
     175
     164
     174
     177
     173
     188
     185
     208
     167
     190
     179
     176
     192
     179
     164
     198
     209
     182
     183
     184
     202
     203
     179
     191
     159
     183
     214
     172
     144
     186
     201
     171
     195
     173
     181
     185
     179
     206
     183
     174
     162
     186
     194
     165
     172
     182
     204
     191
     196
     183
     157
     191
     173
     180
     189
     180
     169
     148
     188
     179
     187
     172
     173
     190
     208
     192
     187
     186
     181
     171
     159
     195
     162
     177
     179
     184
     192
     163
     185
     165
     189
     178
     157
     216
     233
     221
     224
     280
     302
     352
     387
     398
     434
     420
     370
     306
     249
     213
     196
     192
     187
     167
     154
     184
     149
     164
     150
     176
     168
     163
     159
     164
     181
     182
     182
     156
     170
     157
     169
     167
     182
     176
     151
     186
     150
     177
     174
     186
     189
     161
     167
     165
     161
     163
     180
     157
     157
     173
     153
     154
     167
     188
     191
     180
     178
     174
     185
     155
     160
     163
     154
     158
     169
     174
     160
     180
     168
     161
     176
     149
     165
     162
     139
     166
     172
     168
     167
     159
     170
     150
     166
     170
     159
     155
     155
     171
     173
     176
     156
     161
     181
     168
     171
     182
     180
     167
     185
     163
     182
     183
     175
     189
     179
     183
     146
     179
     161
     183
     169
     166
     168
     155
     165
     162
     175
     162
     163
     161
     182
     179
     170
     192
     146
     160
     158
     148
     162
     176
     164
     179
     137
     137
     139
     165
     170
     172
     163
     185
     171
     169
     163
     175
     214
     243
     218
     237
     257
     287
     252
     253
     230
     210
     185
     153
     183
     166
     147
     122
     160
     148
     145
     163
     164
     164
     152
     160
     144
     141
     184
     158
     160
     156
     167
     162
     147
     139
     173
     160
     176
     176
     165
     152
     144
     141
     158
     147
     180
     157
     160
     158
     160
     182
     152
     146
     159
     154
     159
     180
     148
     159
     163
     160
     165
     155
     147
     166
     156
     171
     167
     139
     147
     134
     148
     153
     156
     156
     133
     157
     139
     150
     164
     147
     158
     142
     161
     146
     145
     164
     164
     157
     149
     155
     140
     161
     132
     155
     164
     149
     158
     171
     155
     178
     169
     158
     193
     171
     124
     154
     153
     172
     153
     157
     136
     166
     167
     172
     165
     180
     153
     155
     167
     174
     152
     177
     160
     163
     160
     150
     133
     126
     131
     146
     152
     145
     136
     161
     150
     172
     136
     135
     141
     153
     161
     173
     132
     159
     160
     144
     154
     153
     153
     166
     143
     135
     153
     168
     157
     159
     151
     155
     144
     145
     140
     156
     159
     166
     134
     179
     163
     123
     136
     172
     148
     174
     142
     161
     153
     150
     151
     192
     192
     219
     232
     247
     248
     263
     281
     220
     218
     181
     168
     164
     134
     142
     141
     128
     158
     161
     154
     124
     140
     137
     152
     133
     165
     124
     155
     145
     160
     165
     166
     157
     150
     127
     136
     148
     135
     131
     134
     160
     147
     110
     136
     135
     144
     153
     128
     127
     145
     152
     138
     150
     138
     134
     121
     127
     145
     126
     143
     140
     136
     134
     148
     137
     113
     140
     150
     134
     144
     120
     145
     147
     123
     121
     113
     141
     141
     141
     143
     138
     149
     141
     126
     141
     125
     136
     133
     118
     131
     131
     131
     144
     115
     155
     130
     141
     126
     126
     137
     130
     160
     190
     175
     184
     190
     189
     209
     204
     165
     153
     144
     124
     120
     122
     153
     156
     140
     143
     160
     154
     144
     127
     146
     138
     167
     126
     121
     138
     125
     114
     130
     131
     128
     140
     116
      99
     108
     138
     117
     142
     130
     115
     125
     126
     125
     106
     107
     122
     115
     141
     119
     109
     131
     135
     114
     135
     139
     109
     120
     121
     109
     122
     127
     107
     118
     120
     127
     111
     118
     140
     114
     115
     127
     121
     117
     104
     124
     140
     136
     134
     123
     119
     101
     141
     126
     108
     153
     113
     115
     135
     143
     116
     121
     107
     120
     123
     118
     111
     116
     109
     118
     126
     114
     114
     111
     110
     127
     127
     109
     114
     119
     120
     113
     145
     124
     126
     117
     130
     123
     121
      93
     109
     120
     136
     140
     113
     113
     116
     148
     100
     102
     133
      99
     128
     118
     102
     127
     134
     121
     107
     128
      98
     132
     122
     116
     121
     111
     117
     113
     103
     134
     131
     112
     132
     128
     138
     132
     147
     164
     183
     193
     221
     239
     266
     231
     239
     222
     197
     173
     120
     130
     123
     113
     134
     143
     101
     141
     100
     118
     108
     112
      92
      96
      97
     108
     105
      99
      96
     121
     113
     119
     125
     102
     118
     119
     125
     122
     111
     118
     113
     125
     108
     120
     115
     110
     101
      94
     105
     119
     105
     104
      93
     115
     121
     102
     102
     130
     116
      89
     111
     107
     108
     114
     105
     116
     101
      90
     140
      93
     106
     116
     116
     100
     111
      94
     128
     112
     120
     118
     106
      92
     114
     119
     104
     102
      97
     115
     109
     105
      99
     104
     125
     109
     128
     111
     102
     127
     109
      88
     101
     102
     117
      94
     111
      97
     110
      96
     103
     115
     114
     134
     116
      99
     104
     123
     104
     118
     106
     119
     118
     111
     140
     144
     148
     154
     183
     190
     175
     183
     177
     160
     132
     128
     114
     101
     112
     115
     102
     114
      96
     133
     122
      93
     105
     107
     122
     109
     111
     123
     143
     122
     107
     113
     111
     105
      91
     112
      88
      96
     106
     105
     101
     108
     115
     122
     111
     111
     107
     128
     126
      95
     111
      85
      79
      99
     110
     104
     105
      86
     114
     107
     111
     111
      95
      93
     100
     115
     126
     120
     124
     126
     128
     139
     124
     130
     134
     106
     114
     108
     106
     100
      97
     109
      98
     117
     126
     132
     145
     144
     157
     142
     137
     164
     128
     123
     116
     121
     117
     121
     112
     111
     102
     111
     105
     113
     103
      90
      94
     112
      88
      99
      91
      91
     115
     114
     113
     102
      87
      89
     102
     100
     103
     108
      93
      87
     107
      94
      85
     114
      99
      95
      98
      96
      81
      83
     101
     104
     104
     103
      90
      95
     104
      91
      86
     102
      99
     102
     102
      91
      99
      90
      99
     106
      88
      98
     106
     110
      88
     103
     115
      90
      85
      96
     101
     118
     101
     103
      80
     106
      91
     115
      94
      97
      85
      95
      96
     115
     106
      87
     108
      92
      88
     111
     106
      96
      89
      95
     115
     101
      94
      87
     119
      84
     104
      97
     103
     100
     114
      96
      73
      82
     101
      94
     102
     109
      94
     101
     107
      97
      91
      85
      76
      95
      99
      94
     117
      88
      85
     122
      96
      81
      89
     118
     111
     134
     179
     185
     276
     362
     537
     636
     811
     974
    1151
    1201
    1181
    1177
     990
     739
     538
     329
     213
     125
     125
      89
      94
      66
      78
      96
      76
      62
      83
      74
      87
      96
     101
      93
      88
      82
      83
      98
      89
      74
      84
      76
      72
      76
      85
      81
      78
      74
      88
      80
      84
      91
      71
      88
      94
      73
      82
      92
      83
      75
      81
      84
      73
      92
     100
      86
      84
      89
      80
      86
      73
      79
      82
      68
      73
      79
      85
      76
      77
      69
      69
      74
      92
      85
      76
      87
      86
      90
      88
      82
     104
      86
     107
      90
      98
      77
      75
      96
      80
      94
      78
      70
      82
      77
      91
      90
      86
     103
     109
      93
     101
      99
      93
      85
      94
      91
      70
      64
      95
      91
      82
     106
      91
      96
      92
      98
      94
      81
      94
      77
      82
     103
      91
      98
      79
      89
      88
      77
      89
      99
     120
     111
     122
     106
     139
     136
     135
     109
     119
     104
      85
      82
      94
      87
      98
     112
      86
      82
      78
      82
      83
      77
      70
      80
      81
      82
      81
      73
      72
      85
      82
      80
      90
      71
      85
      73
      82
      88
      90
      95
      76
      74
      93
      85
      83
      72
      89
      80
      89
      72
      83
      84
      72
      75
      69
      79
      92
      83
      84
      65
      77
      81
      80
      75
      67
      80
      81
      81
      74
      79
      87
      72
      71
      70
      68
      75
      79
      72
      83
      87
      98
      97
      82
      85
      83
      87
      88
      91
      65
      70
      87
      83
     103
      84
      88
      71
      97
      90
      83
      84
      90
      83
      69
      76
      81
      68
      81
      82
      67
      75
      70
      84
      71
      64
      65
      74
      69
      71
      99
      77
      83
      73
      83
      82
      73
      73
      59
      76
      97
      62
      82
      76
      69
      84
      81
      76
      79
      70
      79
      90
      76
      81
      63
      76
      72
      77
      71
      72
      75
      79
      69
      66
      83
      71
      76
      78
      69
      65
      82
      62
      93
      76
      64
      73
      75
      59
      66
      78
      76
      66
      83
      87
      72
      76
      64
      57
      74
      77
      99
      73
      80
      72
      73
      83
     101
      75
      70
      63
      66
      75
      74
      76
      77
      77
      86
      78
      85
      82
      94
      91
      87
      94
      90
      98
      82
      86
      99
      94
      88
      88
      90
      93
      88
     102
      99
      94
     106
     101
     108
     132
     126
     133
     125
     132
     117
     112
      85
      90
      91
      91
     104
     116
     124
     101
     123
     134
     103
     120
      95
      82
      73
      67
      75
      79
      64
      87
      60
      78
      70
      88
      81
      93
      73
      74
      75
      73
      69
      74
      77
      70
      69
      72
      74
      65
      73
      71
      52
      72
      76
      74
      70
      57
      74
      84
      76
      73
      66
      64
      84
      90
      80
      88
      73
      72
      71
      58
      58
      62
      64
      76
      74
      79
      60
      82
      87
      68
      66
      68
      68
      68
      69
      74
      76
      70
      72
      91
      79
     101
      94
     109
      88
      94
      96
      77
      92
      63
      70
      80
      85
      78
      66
      81
      86
      59
      56
      73
      69
      62
      73
      82
      82
      80
      89
      80
     100
      95
      92
     104
     107
      89
      68
      86
      82
      66
      54
      83
      92
      56
      52
      72
      86
      67
      70
      67
      77
      67
      72
      59
      69
      86
      82
      62
      59
      71
      58
      54
      67
      79
      65
      67
      85
      74
      76
      63
      63
      63
      79
      64
      61
      55
      61
      88
      63
      62
      60
      70
      69
      61
      55
      56
      67
      61
      61
      71
      49
      58
      49
      54
      55
      65
      57
      62
      62
      60
      60
      63
      57
      71
      75
      65
      71
      53
      64
      68
      64
      60
      75
     100
      82
      71
      69
      79
      93
      81
      81
      78
      78
      66
      67
      59
      60
      70
      83
      64
      70
      68
      61
      65
      73
      60
      57
      73
      54
      61
      68
      59
      64
      65
      74
      48
      56
      64
      61
      63
      62
      74
      61
      57
      53
      61
      55
      63
      57
      74
      67
      69
      59
      71
      65
      65
      60
      67
      61
      60
      74
      56
      70
      78
      58
      66
      57
      63
      63
      63
      74
      61
      72
      84
      65
      56
      68
      58
      69
      59
      70
      72
      62
      57
      55
      63
      56
      62
      58
      81
      66
      67
      59
      77
      68
      84
      77
      61
      59
      49
      61
      68
      51
      63
      58
      72
      73
      77
      55
      73
      56
      60
      58
      58
      52
      62
      68
      70
      65
      76
      63
      51
      61
      74
      58
      72
      59
      75
      68
      58
      48
      64
      56
      65
      57
      66
      55
      58
      70
      61
      67
      79
      66
      68
      72
      80
      64
      59
      55
      48
      63
      75
      55
      65
      63
      81
      76
      56
      54
      69
      58
      57
      54
      43
      54
      50
      73
      61
      65
      51
      43
      62
      77
      67
      53
      62
      54
      65
      69
      52
      52
      65
      72
      53
      58
      55
      63
      78
      86
      93
     102
     102
     116
     124
     121
     108
     115
     101
      81
      73
      67
      64
      59
      60
      60
      59
      55
      56
      70
      64
      67
      56
      64
      62
      64
      52
      53
      73
      61
      59
      68
      70
      66
      59
      65
      56
      51
      77
      62
      65
      53
      62
      61
      59
      65
      55
      61
      52
      51
      57
      72
      56
      48
      44
      62
      61
      59
      52
      58
      56
      66
      61
      53
      69
      53
      53
      64
      48
      65
      48
      47
      53
      65
      74
      49
      65
      53
      59
      64
      65
      61
      49
      62
      50
      41
      56
      69
      77
      72
      84
      88
     117
     152
     171
     200
     262
     271
     333
     376
     353
     376
     380
     297
     241
     171
     140
      92
      72
      66
      62
      53
      69
      60
      62
      52
      52
      68
      45
      52
      43
      60
      44
      49
      58
      60
      65
      60
      50
      49
      48
      61
      58
      71
      61
      59
      63
      54
      63
      51
      61
      47
      50
      59
      56
      50
      56
      49
      47
      45
      49
      45
      56
      57
      57
      61
      49
      54
      55
      53
      63
      64
      44
      64
      55
      67
      49
      48
      56
      61
      58
      45
      48
      47
      52
      50
      49
      73
      46
      48
      60
      48
      54
      54
      51
      52
      49
      57
      58
      60
      62
      53
      45
      48
      46
      42
      66
      61
      60
      56
      58
      54
      60
      33
      61
      47
      52
      62
      52
      49
      55
      36
      57
      47
      54
      60
      68
      48
      66
      69
      60
      66
      58
      58
      51
      52
      55
      59
      54
      56
      61
      47
      60
      53
      56
      58
      50
      55
      52
      70
      60
      50
      54
      44
      54
      46
      46
      48
      51
      49
      52
      46
      54
      51
      55
      52
      60
      53
      41
      49
      49
      59
      45
      55
      44
      48
      46
      45
      49
      66
      48
      50
      56
      51
      48
      53
      52
      50
      51
      58
      45
      56
      45
      59
      46
      63
      43
      54
      55
      55
      55
      47
      60
      60
      52
      56
      58
      71
      65
      63
      50
      63
      54
      55
      62
      60
      44
      50
      61
      58
      54
      50
      62
      50
      49
      54
      46
      55
      61
      52
      62
      72
      70
      75
      71
      68
      91
      92
      93
      97
      86
      81
      57
      49
      63
      52
      60
      54
      55
      43
      54
      39
      52
      40
      48
      51
      45
      63
      52
      61
      49
      50
      56
      47
      50
      46
      51
      45
      51
      55
      61
      59
      49
      60
      53
      36
      51
      53
      53
      57
      47
      58
      44
      40
      50
      46
      43
      49
      51
      41
      51
      43
      55
      63
      46
      46
      46
      49
      51
      47
      45
      61
      64
      55
      60
      68
      58
      52
      45
      50
      56
      52
      42
      57
      55
      46
      47
      50
      51
      53
      35
      48
      45
      43
      57
      56
      40
      44
      49
      43
      59
      48
      53
      53
      43
      54
      60
      43
      61
      44
      57
      42
      50
      63
      51
      58
      57
      43
      56
      56
      49
      60
      57
      53
      38
      58
      49
      47
      42
      54
      39
      45
      49
      42
      53
      44
      75
      54
      57
      58
      58
      55
      40
      58
      45
      52
      51
      55
      53
      50
      45
      59
      43
      63
      45
      45
      44
      41
      62
      50
      55
      51
      45
      48
      52
      44
      57
      47
      48
      55
      52
      41
      46
      57
      61
      47
      43
      61
      56
      44
      50
      57
      52
      48
      51
      52
      47
      54
      49
      66
      44
      66
      40
      41
      49
      65
      40
      47
      49
      53
      44
      55
      53
      55
      49
      56
      40
      64
      51
      50
      45
      55
      45
      42
      48
      51
      43
      40
      56
      64
      53
      44
      52
      45
      34
      53
      51
      37
      42
      37
      51
      48
      61
      45
      40
      43
      45
      47
      55
      53
      52
      46
      52
      37
      49
      47
      61
      55
      37
      51
      46
      46
      48
      43
      58
      38
      62
      45
      47
      56
      43
      40
      52
      47
      47
      50
      47
      45
      39
      46
      60
      43
      47
      51
      41
      48
      52
      39
      51
      59
      49
      45
      51
      42
      56
      51
      50
      54
      49
      56
      61
      53
      55
      55
      60
      48
      47
      52
      40
      47
      49
      48
      65
      50
      48
      47
      52
      43
      58
      48
      48
      59
      48
      51
      47
      61
      44
      52
      66
      52
      52
      49
      38
      55
      55
      42
      47
      53
      36
      50
      51
      45
      49
      46
      53
      39
      53
      36
      52
      56
      59
      34
      60
      54
      47
      53
      37
      44
      42
      52
      42
      49
      50
      41
      39
      58
      41
      36
      56
      39
      37
      56
      36
      52
      49
      50
      47
      47
      55
      48
      52
      35
      42
      42
      56
      44
      62
      56
      47
      48
      36
      54
      42
      53
      52
      46
      35
      49
      47
      43
      42
      55
      43
      48
      43
      57
      51
      36
      47
      46
      35
      57
      49
      48
      38
      41
      44
      58
      42
      48
      47
      48
      49
      45
      37
      42
      41
      44
      53
      36
      44
      46
      32
      53
      39
      42
      48
      43
      43
      52
      47
      45
      49
      44
      37
      40
      44
      42
      55
      48
      45
      31
      38
      46
      50
      44
      54
      32
      40
      46
      44
      35
      34
      47
      46
      53
      38
      48
      42
      49
      39
      38
      36
      46
      49
      45
      40
      45
      58
      45
      39
      47
      37
      45
      40
      53
      39
      38
      43
      31
      50
      54
      40
      51
      36
      48
      45
      47
      42
      39
      51
      48
      43
      34
      57
      48
      38
      60
      47
      40
      47
      41
      51
      48
      43
      46
      50
      51
      45
      47
      41
      43
      50
      45
      40
      43
      32
      43
      41
      44
      34
      48
      38
      44
      39
      42
      43
      31
      38
      43
      46
      42
      53
      39
      36
      59
      48
      51
      37
      45
      47
      42
      52
      49
      42
      45
      39
      58
      45
      36
      42
      51
      51
      44
      56
      44
      47
      31
      36
      35
      38
      40
      50
      49
      41
      40
      37
      52
      45
      38
      39
      48
      45
      41
      40
      39
      41
      32
      42
      28
      43
      29
      51
      47
      39
      41
      42
      49
      54
      48
      39
      35
      47
      42
      58
      35
      38
      48
      40
      47
      46
      44
      59
      58
      38
      50
      37
      46
      36
      45
      35
      50
      53
      42
      36
      44
      34
      33
      55
      46
      54
      47
      53
      47
      49
      45
      32
      36
      47
      32
      27
      47
      47
      50
      44
      35
      42
      36
      37
      32
      46
      48
      48
      50
      55
      45
      40
      40
      44
      45
      48
      34
      40
      54
      60
      37
      35
      46
      41
      38
      58
      43
      57
      46
      39
      45
      38
      46
      45
      40
      45
      46
      34
      43
      41
      40
      38
      40
      41
      50
      40
      33
      43
      38
      44
      40
      50
      44
      51
      43
      37
      44
      47
      38
      45
      38
      57
      51
      66
      61
      78
      79
      62
      72
      71
      89
      98
     106
     112
     102
     114
      97
     105
      89
      85
      74
      59
      61
      47
      52
      38
      50
      53
      43
      49
      34
      41
      38
      43
      53
      39
      39
      48
      53
      43
      42
      49
      46
      39
      44
      43
      54
      58
      60
      63
      58
      65
      46
      67
      59
      62
      57
      55
      56
      54
      66
      51
      45
      43
      41
      36
      44
      31
      42
      60
      39
      30
      56
      35
      32
      48
      42
      38
      45
      31
      39
      39
      51
      40
      39
      38
      42
      52
      30
      35
      39
      38
      41
      55
      40
      40
      45
      38
      46
      34
      35
      45
      43
      27
      31
      46
      33
      46
      41
      43
      49
      41
      35
      44
      36
      45
      31
      46
      51
      30
      42
      45
      49
      41
      37
      33
      36
      55
      33
      45
      35
      41
      47
      33
      52
      41
      38
      39
      34
      37
      35
      48
      37
      46
      47
      40
      39
      38
      37
      45
      46
      42
      45
      43
      48
      41
      48
      43
      50
      43
      51
      53
      41
      40
      53
      41
      57
      42
      32
      37
      43
      36
      35
      45
      44
      36
      43
      47
      37
      26
      41
      45
      44
      37
      35
      36
      48
      40
      35
      37
      42
      48
      39
      59
      43
      44
      45
      45
      38
      46
      45
      39
      32
      40
      42
      38
      42
      44
      42
      49
      47
      39
      45
      45
      36
      39
      39
      35
      45
      35
      33
      49
      32
      39
      50
      37
      44
      38
      41
      34
      30
      38
      25
      38
      42
      43
      41
      39
      39
      50
      45
      41
      24
      42
      48
      29
      48
      42
      35
      45
      37
      41
      37
      56
      48
      36
      41
      42
      39
      39
      35
      37
      55
      39
      41
      48
      46
      49
      41
      47
      43
      44
      42
      37
      50
      42
      53
      56
      45
      66
      73
      58
      67
      73
     110
     102
     105
     118
     144
     131
     133
     133
     139
      97
     100
      73
      60
      40
      55
      35
      34
      35
      45
      49
      39
      36
      42
      44
      39
      51
      47
      32
      43
      35
      40
      41
      33
      47
      35
      33
      45
      36
      33
      33
      27
      48
      46
      31
      42
      37
      47
      36
      45
      44
      41
      40
      39
      48
      45
      34
      36
      48
      42
      44
      39
      42
      43
      47
      39
      49
      40
      29
      36
      40
      35
      42
      37
      41
      35
      41
      48
      50
      43
      33
      24
      41
      36
      39
      37
      40
      32
      25
      42
      36
      44
      42
      33
      35
      33
      37
      36
      37
      40
      39
      35
      39
      49
      28
      51
      30
      41
      36
      34
      28
      37
      38
      41
      49
      47
      44
      30
      36
      42
      32
      33
      39
      32
      51
      30
      44
      44
      41
      53
      47
      35
      44
      39
      40
      42
      47
      39
      48
      48
      34
      38
      39
      43
      32
      48
      40
      41
      25
      34
      40
      40
      47
      33
      39
      47
      31
      51
      33
      36
      46
      38
      41
      37
      29
      36
      25
      48
      38
      34
      39
      52
      32
      43
      53
      39
      43
      30
      36
      44
      34
      32
      30
      33
      44
      29
      34
      32
      40
      43
      40
      38
      36
      49
      44
      42
      38
      38
      40
      43
      33
      41
      41
      41
      37
      40
      40
      31
      47
      33
      42
      43
      35
      35
      49
      31
      46
      33
      38
      39
      32
      37
      34
      32
      29
      49
      37
      26
      37
      33
      32
      44
      33
      47
      36
      39
      52
      40
      42
      37
      31
      54
      34
      48
      45
      41
      51
      41
      48
      41
      46
      49
      59
      39
      43
      36
      28
      36
      36
      34
      40
      51
      49
      30
      38
      41
      44
      46
      38
      57
      59
      35
      41
      34
      30
      40
      41
      38
      42
      47
      37
      46
      42
      46
      40
      35
      30
      36
      37
      37
      45
      38
      46
      59
      35
      44
      41
      41
      37
      35
      32
      34
      38
      45
      34
      29
      37
      36
      51
      35
      38
      46
      37
      43
      50
      39
      29
      35
      47
      46
      34
      49
      35
      54
      41
      38
      30
      46
      38
      42
      40
      34
      40
      28
      35
      40
      32
      44
      52
      56
      46
      37
      44
      42
      35
      36
      37
      30
      38
      43
      46
      37
      36
      44
      46
      42
      44
      34
      43
      35
      38
      20
      31
      27
      34
      34
      41
      38
      41
      33
      36
      49
      34
      32
      35
      39
      45
      43
      50
      40
      42
      50
      38
      33
      34
      42
      41
      43
      42
      41
      44
      39
      53
      44
      44
      30
      39
      40
      33
      45
      44
      37
      25
      47
      46
      37
      32
      39
      45
      35
      52
      30
      34
      34
      44
      41
      53
      42
      57
      42
      49
      51
      37
      45
      40
      33
      33
      35
      63
      35
      38
      44
      47
      40
      59
      45
      44
      39
      40
      46
      37
      46
      33
      31
      38
      36
      47
      36
      34
      28
      37
      45
      45
      39
      39
      44
      46
      38
      48
      40
      52
      33
      52
      41
      42
      45
      45
      32
      42
      37
      40
      30
      37
      39
      34
      44
      40
      50
      33
      42
      37
      50
      32
      36
      43
      38
      44
      44
      37
      41
      39
      37
      42
      40
      39
      45
      42
      51
      36
      35
      40
      43
      30
      35
      30
      41
      37
      43
      41
      36
      42
      35
      39
      45
      38
      36
      32
      35
      42
      39
      31
      36
      37
      32
      39
      27
      38
      40
      28
      43
      39
      33
      39
      33
      32
      28
      38
      31
      33
      38
      31
      26
      37
      42
      42
      33
      30
      26
      39
      32
      38
      38
      28
      35
      34
      28
      39
      26
      38
      38
      25
      33
      31
      31
      37
      30
      28
      34
      36
      32
      40
      32
      27
      34
      32
      38
      35
      37
      28
      29
      36
      22
      33
      42
      35
      38
      32
      39
      33
      43
      28
      32
      37
      37
      43
      33
      42
      33
      39
      27
      30
      34
      40
      29
      38
      21
      38
      51
      37
      31
      31
      38
      34
      36
      35
      28
      29
      28
      28
      30
      42
      35
      24
      28
      32
      31
      28
      24
      32
      35
      33
      19
      34
      45
      33
      23
      27
      37
      27
      43
      35
      45
      30
      28
      31
      26
      32
      35
      35
      32
      28
      25
      29
      38
      21
      30
      37
      33
      35
      21
      35
      29
      53
      43
      32
      57
      35
      50
      43
      40
      52
      61
      61
      60
      76
      62
      55
      43
      48
      42
      48
      30
      35
      33
      31
      35
      29
      35
      25
      31
      29
      36
      28
      33
      28
      28
      25
      25
      25
      28
      22
      35
      22
      27
      23
      34
      31
      27
      29
      28
      29
      27
      29
      41
      26
      28
      27
      34
      30
      22
      36
      31
      27
      24
      34
      32
      24
      29
      26
      29
      30
      34
      29
      28
      33
      27
      31
      28
      19
      22
      26
      28
      28
      36
      32
      20
      29
      24
      25
      26
      27
      31
      32
      35
      21
      32
      20
      25
      35
      38
      32
      22
      28
      23
      21
      25
      34
      29
      30
      30
      37
      24
      28
      28
      35
      26
      18
      38
      29
      22
      18
      28
      23
      22
      32
      22
      34
      19
      25
      18
      24
      29
      28
      31
      29
      21
      27
      29
      32
      24
      22
      31
      34
      25
      21
      30
      25
      40
      26
      33
      30
      31
      26
      23
      24
      36
      36
      32
      27
      29
      19
      33
      32
      21
      29
      28
      25
      28
      29
      29
      29
      26
      36
      19
      23
      24
      25
      35
      17
      25
      21
      25
      26
      29
      31
      28
      35
      18
      18
      21
      22
      24
      20
      24
      24
      26
      22
      25
      23
      23
      28
      21
      23
      19
      19
      17
      35
      21
      22
      25
      20
      19
      20
      21
      33
      20
      31
      22
      24
      27
      23
      29
      24
      27
      24
      29
      21
      15
      23
      21
      29
      29
      22
      19
      22
      21
      17
      14
      25
      20
      22
      23
      26
      31
      21
      34
      21
      18
      30
      28
      18
      26
      32
      27
      22
      16
      26
      21
      21
      24
      22
      24
      21
      39
      22
      20
      28
      22
      28
      24
      21
      33
      26
      18
      24
      20
      21
      22
      25
      26
      17
      33
      27
      27
      19
      20
      17
      16
      11
      15
      20
      22
      28
      21
      18
      27
      28
      15
      31
      19
      23
      34
      25
      23
      21
      22
      26
      25
      24
      22
      17
      25
      25
      27
      18
      22
      28
      12
      20
      21
      19
      13
      22
      18
      26
      26
      11
      22
      26
      31
      15
      23
      19
      18
      26
      23
      18
      22
      29
      21
      24
      25
      27
      27
      34
      22
      18
      27
      26
      22
      28
      30
      19
      32
      18
      20
      16
      15
      20
      25
      18
      16
      19
      18
      18
      20
      24
      25
      27
      18
      14
      21
      29
      16
      23
      16
      20
      19
      21
      26
      13
      30
      26
      19
      22
      23
      18
      20
      17
      25
      20
      30
      26
      23
      23
      20
      21
      19
      20
      20
      27
      27
      25
      27
      23
      18
      27
      21
      16
      26
      31
      18
      26
      24
      19
      25
      27
      17
      21
      20
      15
      20
      27
      21
      23
      20
      23
      27
      27
      24
      24
      16
      24
      18
      20
      27
      28
      25
      26
      19
      26
      30
      23
      26
      22
      16
      25
      24
      22
      28
      30
      26
      28
      38
      46
      31
      55
      65
      91
     122
     137
     189
     216
     266
     335
     373
     384
     465
     519
     591
     581
     625
     602
     560
     462
     339
     256
     205
     126
      95
      41
      39
      16
      16
      19
      14
      26
      25
      16
      18
      15
      12
      16
      12
      17
      17
      16
      23
      20
      17
      17
      16
      14
      16
      19
      27
      11
      21
      22
      17
      12
      16
      16
      14
      31
      15
      18
      14
      14
      16
      16
      19
      13
      19
      22
      24
      15
      28
      21
      24
      14
      13
      15
      23
      21
      13
      24
      24
      25
      28
      15
      15
      22
      23
      19
      25
      19
      18
      18
      20
      23
      20
      10
      24
      17
      28
      19
      20
      21
      18
      15
      23
      23
      26
      18
      15
      13
      21
      19
      16
      16
      20
      15
      23
      18
      16
      22
      20
      22
      13
      22
      17
      21
      21
      19
      20
      27
      18
      18
      25
      14
      18
      14
      20
      16
      18
      23
      19
      19
      21
      16
      15
      13
      18
      19
      18
       9
      23
      12
       8
      16
      15
      24
      12
      18
      21
      25
      19
      14
      17
      24
      12
      19
      10
      20
      23
      15
      15
      10
      15
      17
      22
      18
      16
      17
      19
      10
      24
      20
      25
      21
      19
      24
      13
      20
      14
      16
      20
      17
      22
      15
      18
      17
      12
      16
      18
      17
      16
      15
      21
      18
      21
      15
      19
      15
      15
      18
      19
      16
      15
      18
      21
      22
      25
      19
      12
      16
      15
      17
      21
      18
      23
      16
      18
      13
      19
      21
      13
      18
      34
      23
      20
      19
      13
      17
      16
      16
      16
      14
      15
      16
      14
      19
      12
      15
      19
       9
      13
      19
      18
      16
      10
      18
      21
      22
      19
      14
      14
      18
       9
      17
      18
      20
      20
       8
      18
      14
      24
      19
      14
      11
      13
      17
      19
      12
      22
      18
      13
      21
       8
      21
      15
      18
      26
      18
      18
      14
      29
      17
      13
      21
      18
      17
      12
      13
      18
      18
      19
      14
      24
      17
      23
      15
      14
      18
      13
      16
      16
      19
      17
      20
      14
      17
      10
      20
      16
      17
      12
      12
      25
      21
      11
      12
      11
      11
      11
      15
      24
      20
      12
      15
      25
      19
      22
      11
      21
      16
      18
      16
      21
      20
      18
      12
      19
      11
      25
      20
      16
      25
      17
      20
      18
      17
      13
      18
      11
      22
       7
      14
      17
      13
      20
      15
      19
      15
      26
      15
      21
      14
      15
      14
      23
      10
      12
      11
      16
      18
      14
      22
      14
      17
      17
      21
      13
      16
      23
      24
      16
      19
      15
      18
      18
      21
      18
       8
      17
      19
      14
      19
      24
      25
      26
      15
      20
      15
      14
      22
      20
      21
      16
      14
      19
      12
      26
      21
      17
      16
      12
      15
      15
      19
      20
      18
      24
      14
      17
      18
      14
      21
      16
      12
      19
      12
      17
      16
      21
      19
      19
      16
      17
      23
      18
      15
      19
      19
      20
      13
      16
      24
      17
      14
      18
      16
      11
      11
      14
      22
      15
      15
      20
      14
      19
      15
      25
      13
       9
      10
      13
      14
      23
      13
      13
      14
      14
      23
      28
       9
      17
      24
      20
      12
      13
      16
      14
      16
      22
      22
      18
      19
      15
      16
      16
      27
      16
      20
      21
      21
      18
      16
      16
      18
      18
      22
      20
      18
      12
      18
      17
      18
      11
      11
      12
      14
      20
      21
      15
      12
      14
      21
      16
      16
      18
      19
      14
      10
      15
      19
      25
      14
      16
      14
      14
      23
      21
       9
      15
      23
      20
      17
      15
      15
      13
      11
      16
      14
      13
      14
      21
      22
      16
      27
      19
      19
      24
      14
      17
      15
      20
      14
      17
      15
      21
      12
      12
      18
      16
      24
      14
      16
      15
      16
      19
      21
      18
      20
      15
      20
      16
      18
      13
      11
      15
      15
      24
      20
      21
      15
      18
      17
      16
      18
      16
       9
      14
      13
      20
      12
      21
      17
      20
      16
      22
      16
      12
      17
      14
      14
      18
      22
      15
      16
      16
      16
      16
      13
      18
      18
      15
      20
      14
      16
      16
      19
      20
      16
      18
      17
      21
      18
      12
      17
      14
      17
      27
      14
      25
      19
      13
      12
      22
      19
      13
      19
      16
      17
      18
      21
      16
      22
      13
      25
      12
      26
      19
      18
      16
      20
      16
      12
      15
       9
      23
      25
      22
      15
      18
      12
      15
      13
      22
      17
       9
      18
      20
      22
      27
      16
       9
      15
      13
      13
      15
      17
      22
      15
      12
      23
      17
      27
      20
      12
      13
      17
      17
      17
      14
      14
      12
      18
      15
      23
      14
      19
      16
      18
      16
      17
      13
      18
      20
      16
      18
      15
       8
      11
      17
      18
      16
      14
      24
      19
      17
      20
      11
      20
      14
       9
      13
      11
      18
      16
      13
      19
      14
      20
      17
      11
      21
      18
      13
      18
      14
      20
      14
      15
      16
      22
      17
      17
      20
      18
      10
      15
      17
      17
      19
      20
      11
      17
      15
      21
      13
      13
      23
      11
      15
      15
      16
      15
      16
      20
      16
      18
      17
      22
      12
      15
      18
      10
      19
       7
      11
      19
      15
      20
      13
      16
      20
      15
      13
      17
      14
      18
      12
      11
      20
      16
      22
      11
      13
      12
      11
      27
      20
      17
      19
      15
      22
       7
      10
      16
      16
      15
      10
      19
      20
      13
      15
       8
       8
      18
      16
      10
      20
      13
      12
      14
      20
      17
      25
      13
      16
      17
      12
      16
      13
      29
      21
      16
      14
      12
      15
      14
      25
      12
      19
      19
      20
      14
       8
      21
      11
      16
       9
      11
      12
      21
      19
      14
      17
      12
      11
      12
      13
      17
      16
      16
      14
      15
      23
      19
      13
      14
      18
      13
      16
      13
      15
      20
      21
      19
      16
      11
      15
      15
      15
      18
      20
      30
      17
      18
      23
      22
      18
      19
       7
      10
      16
      11
      21
      12
      16
      17
      42
      60
      69
      57
      53
      59
      68
      70
      58
      50
      69
      69
      58
      64
      65
      57
      63
      64
      66
      56
      59
      64
      58
      59
      63
      62
      72
      69
      46
      57
      63
      71
      53
      54
      54
      51
      55
      66
      47
      60
      53
      65
      57
      61
      57
      54
      51
      53
      51
      49
      49
      53
      34
      51
      60
      45
      53
      45
      48
      59
      55
      48
      51
      41
      54
      44
      49
      41
      46
      52
      58
      52
      53
      44
      55
      50
      58
      47
      52
      47
      59
      57
      66
      60
      48
      38
      46
      35
      40
      51
      44
      43
      57
      47
      45
      38
      50
      49
      39
      53
      48
      41
      52
      49
      44
      43
      38
      57
      45
      44
      42
      28
      57
      27
      41
      47
      44
      48
      40
      40
      52
      30
      46
      37
      50
      39
      51
      42
      44
      40
      44
      51
      39
      35
      34
      40
      34
      47
      36
      42
      42
      45
      35
      35
      42
      41
      47
      33
      35
      44
      49
      37
      36
      46
      32
      38
      38
      42
      40
      46
      41
      34
      36
      47
      36
      29
      40
      37
      31
      38
      35
      30
      27
      34
      25
      27
      34
      26
      28
      31
      36
      29
      31
      31
      22
$ROI:
0
$PRESETS:
None
0
0
$ENER_FIT:
16.228020 0.365531
$MCA_CAL:
3
1.622802E+001 3.655311E-001 -4.823570E-008 keV
$SHAPE_CAL:
3
4.607991E+000 9.525071E-004 -1.165220E-007
