$SPEC_ID:
No sample description was entered.
$SPEC_REM:
DET# 1
DETDESC# DESKTOP-I9R95QV 926
AP# Maestro Version 7.01
$DATE_MEA:
09/16/2020 12:00:48
$MEAS_TIM:
65 70
$DATA:
0 8191
       0
       0
       0
       0
       0
       0
       0
       0
       0
       0
       0
       0
       0
       0
       0
       0
       0
       0
       0
       0
       0
       0
       0
       0
       0
       0
       0
       6
      52
      40
      61
      42
      48
      50
      38
      56
      39
      45
      53
      50
      58
      43
      37
      43
      43
      45
      45
      40
      43
      46
      43
      53
      44
      45
      42
      51
      46
      41
      55
      47
      45
      54
      25
      59
      47
      53
      47
      39
      44
      39
      41
      54
      40
      36
      44
      46
      39
      37
      41
      39
      53
      41
      44
      36
      41
      35
      44
      48
      32
      39
      43
      41
      26
      27
      38
      36
      34
      31
      31
      48
      40
      35
      37
      37
      33
      37
      36
      35
      35
      35
      42
      38
      50
      37
      33
      29
      40
      27
      45
      37
      27
      28
      37
      44
      44
      40
      37
      37
      41
      28
      45
      39
      40
      37
      28
      34
      38
      38
      36
      39
      43
      44
      36
      46
      33
      47
      43
      38
      36
      34
      32
      39
      46
      55
      47
      56
      59
      67
      59
      50
      53
      62
      68
      48
      54
      52
      38
      31
      43
      41
      36
      35
      44
      40
      51
      32
      42
      42
      26
      39
      50
      47
      43
      53
      49
      48
      41
      60
      68
      72
      62
      47
      50
      57
      58
      45
      70
      50
      45
      50
      52
      47
      44
      54
      46
      41
      50
      66
      42
      52
      49
      53
      39
      57
      60
      42
      55
      48
      45
      49
      38
      48
      45
      54
      38
      45
      47
      56
      41
      41
      52
      43
      41
      55
      57
      55
      58
      72
      54
      59
      44
      57
      42
      57
      47
      70
      61
      53
      65
      44
      61
      57
      56
      67
      70
      48
      55
      61
      55
      57
      55
      62
      71
      69
      72
      69
      66
      59
      73
      80
      82
      65
      67
      69
      66
      86
      70
      94
      82
      99
      85
     125
     121
     167
     212
     280
     484
     643
     873
     961
     846
     653
     341
     200
     109
      58
      49
      37
      39
      26
      35
      35
      35
      36
      42
      33
      34
      30
      41
      31
      30
      42
      36
      42
      40
      30
      41
      37
      42
      38
      45
      26
      40
      42
      31
      31
      38
      35
      29
      36
      30
      35
      34
      36
      44
      33
      38
      31
      20
      42
      45
      38
      44
      47
      33
      32
      39
      38
      46
      48
      32
      39
      42
      46
      39
      44
      40
      42
      45
      39
      41
      39
      38
      49
      38
      34
      38
      40
      43
      46
      45
      37
      43
      50
      42
      35
      48
      51
      38
      37
      42
      32
      38
      34
      28
      28
      45
      36
      44
      50
      35
      45
      58
      44
      24
      54
      46
      39
      44
      32
      38
      39
      35
      41
      37
      54
      48
      42
      50
      46
      38
      46
      42
      43
      42
      38
      39
      36
      40
      47
      40
      41
      45
      46
      44
      54
      35
      29
      45
      58
      59
      39
      36
      41
      47
      57
      45
      46
      41
      38
      46
      45
      41
      50
      41
      37
      65
      33
      44
      45
      28
      40
      43
      52
      38
      45
      36
      50
      38
      36
      45
      46
      45
      38
      32
      46
      48
      35
      38
      49
      47
      40
      50
      32
      46
      38
      36
      36
      47
      36
      26
      34
      49
      39
      36
      29
      53
      49
      55
      42
      39
      39
      40
      40
      41
      44
      38
      36
      37
      48
      35
      38
      31
      44
      38
      31
      26
      24
      30
      38
      45
      41
      33
      28
      34
      39
      31
      44
      36
      39
      40
      34
      40
      48
      34
      41
      33
      39
      26
      30
      49
      39
      40
      39
      40
      38
      30
      41
      35
      41
      41
      27
      35
      52
      42
      31
      42
      40
      37
      34
      35
      29
      35
      39
      32
      49
      38
      25
      34
      43
      42
      32
      33
      30
      39
      35
      41
      39
      32
      35
      37
      46
      38
      39
      44
      43
      40
      39
      35
      29
      27
      33
      40
      35
      35
      30
      47
      37
      25
      37
      47
      34
      26
      34
      38
      38
      25
      42
      36
      38
      44
      32
      37
      38
      40
      35
      35
      32
      34
      32
      56
      35
      50
      43
      41
      52
      37
      41
      48
      55
      69
      86
     154
     200
     277
     298
     264
     226
     125
      95
      58
      40
      33
      38
      30
      32
      39
      26
      25
      25
      29
      41
      19
      32
      33
      32
      31
      33
      28
      34
      30
      21
      28
      35
      30
      26
      32
      37
      26
      26
      24
      31
      26
      23
      27
      30
      20
      36
      26
      23
      20
      32
      32
      25
      24
      32
      22
      31
      33
      23
      22
      20
      22
      28
      11
      20
      25
      26
      29
      27
      25
      24
      23
      29
      25
      30
      34
      29
      25
      25
      26
      28
      26
      25
      24
      21
      27
      25
      22
      19
      23
      29
      30
      30
      21
      33
      26
      21
      21
      24
      27
      24
      20
      28
      18
      20
      23
      38
      21
      19
      24
      28
      21
      26
      25
      26
      26
      18
      18
      32
      28
      21
      34
      35
      22
      26
      25
      17
      28
      22
      23
      27
      20
      24
      14
      31
      30
      18
      24
      29
      31
      23
      27
      23
      36
      38
      45
      29
      24
      33
      25
      20
      29
      24
      18
      24
      26
      20
      26
      20
      16
      18
      26
      17
      20
      22
      22
      20
      13
      22
      23
      27
      25
      23
      31
      30
      24
      22
      28
      22
      23
      21
      14
      22
      17
      18
      20
      19
      24
      23
      28
      24
      17
      21
      22
      22
      22
      32
      15
      24
      20
      26
      22
      21
      28
      23
      23
      18
      30
      25
      27
      20
      23
      34
      24
      24
      18
      25
      26
      20
      29
      21
      22
      24
      32
      34
      24
      22
      21
      24
      24
      24
      27
      24
      32
      33
      30
      37
      26
      31
      29
      30
      37
      30
      36
      36
      26
      27
      36
      27
      25
      29
      20
      31
      43
      23
      34
      28
      32
      37
      31
      59
      34
      35
      34
      52
      58
      50
      46
      73
      78
     101
     106
     181
     284
     475
     626
     775
     799
     663
     493
     280
     161
      67
      52
      19
      14
      23
      22
      16
      19
      11
      16
      17
      19
      20
      19
      12
      20
      17
      15
      14
      20
      17
      21
      18
      24
      20
      14
      14
      18
      27
      20
      18
      16
      20
      12
      11
      21
      18
      15
      13
      11
      17
      17
      19
      23
      16
      21
      16
      17
      17
      15
      10
       8
      27
      26
      21
      19
      28
      36
      36
      43
      42
      32
      27
      22
      16
      15
      16
      17
      11
      18
      18
      17
      21
      20
      15
      20
      12
      22
      15
      14
      19
      16
      16
      24
      14
      21
      19
      16
      10
      17
      19
      17
       7
      18
      12
       9
      21
       4
      16
      14
      14
      23
      12
      14
      18
      17
      11
      14
      18
      16
      18
      14
      15
       8
      16
      15
      16
      14
      19
      15
      16
      21
      12
      21
      17
       8
      20
      20
      17
      12
      23
      16
      14
      14
      12
      11
      12
      26
      20
      10
      12
      21
      20
      18
      21
      12
      11
      18
      20
      22
      16
      18
      12
      13
      23
      18
      23
      18
      12
      23
      10
      16
      15
      13
      13
      20
      16
      11
      21
      19
      13
      18
      27
      21
      38
      51
      73
      82
      85
      69
      54
      33
      19
       9
      20
      18
      23
      16
      21
      13
      11
      17
      17
      16
      13
      16
      16
      11
       9
       9
      17
      19
      15
      20
      12
      17
      11
      10
      11
      17
      11
      11
      20
      20
      20
      11
      20
      14
      17
      17
      16
      19
      14
      14
      19
       9
      12
      20
      18
      15
      16
      12
      10
      14
      11
       8
      12
      15
      26
      16
      14
      15
      14
       7
      14
      11
      15
      16
      18
      18
      24
       9
      15
      19
      17
      16
      20
      16
      15
      19
      25
      17
      24
      36
      44
      51
      85
      82
      89
      83
      57
      39
      23
      13
      10
      15
      14
      11
      11
      10
      20
      21
      15
      12
       7
      11
      12
       7
      10
      20
      14
      14
      12
      19
      14
       8
      12
       8
      16
      14
       8
      19
      15
      16
      18
       8
      16
      12
      16
       7
      18
      15
       9
      11
      12
      17
      10
       6
      18
      12
      12
       7
      20
      23
      15
      16
       9
      11
      20
      13
      15
      18
      15
       7
      12
      11
      17
      16
      13
      16
      14
      17
      11
      12
      11
       7
      20
      17
      14
      11
       8
      11
      11
      13
       7
      11
      15
      16
      16
      15
       8
      10
       8
      21
       3
      14
      19
      13
      13
      10
      12
      19
      27
       9
       9
       9
      12
      12
      12
      19
      18
      17
      11
      12
       9
      17
      10
      17
      16
      26
      21
      24
      19
      19
       9
      21
      20
      13
      10
      20
       9
      13
      17
      14
      16
      16
      13
      13
      10
      11
      12
      12
      12
      21
       6
      11
      13
      16
      11
      14
       8
      15
      12
      16
      12
      15
      14
      17
      13
      10
      18
      14
      20
      11
      22
      11
      18
      10
      12
      10
      12
      13
      20
       8
      14
      17
      16
       9
      11
      16
      17
      14
      21
      16
      12
       8
      14
       4
      11
      18
      11
      18
      14
       6
      15
      14
      13
      15
      12
      11
       9
      10
      14
      11
      11
       9
      20
      16
      13
      17
      10
      13
      12
      12
      20
       9
      11
      10
       9
      18
      15
      10
      15
      12
       8
      16
      20
      20
       8
      14
      17
       9
       8
      11
      11
      13
       8
      11
      11
      12
      11
      18
      16
      11
      14
      17
       7
      13
       8
      17
      21
      12
      13
      11
      13
      14
      12
      11
       7
      17
      10
      13
       9
      12
      13
      15
      16
      11
      15
      11
       8
      14
       9
      17
      19
      10
      19
       6
      16
      17
      19
      14
      17
      19
       8
       6
      11
      16
      12
      13
      14
      13
      15
      13
      12
      16
      15
      11
      11
      10
      14
      23
      14
      14
      25
      13
      11
      19
      13
      10
      15
      14
      18
      15
      18
      10
      20
       8
      12
      15
      14
      11
      17
      13
      24
      21
      28
      25
      15
      21
      13
      20
      21
      15
      15
      22
      10
      16
      13
      13
      13
      13
      14
      13
      17
      12
       8
      16
      18
      13
      13
      16
       9
       7
      13
       7
      10
      12
      19
      13
       8
       8
      16
      15
      10
      12
      10
      12
      18
      10
      10
      17
      12
      12
      18
      13
       7
      22
      20
      12
      11
      13
      21
      11
      15
      20
      17
      19
      18
      19
      11
      18
      13
      16
       6
       7
      13
       9
      16
      11
      10
      17
      16
      11
      14
       9
      15
      16
      15
      10
      13
      14
       8
      12
       8
      13
       7
       8
      10
       8
       9
      11
      14
      15
       7
       7
      11
      13
      17
      14
      15
      15
      14
      12
       9
       8
      12
      10
      12
      11
      13
       9
       6
      17
      13
       6
      12
       7
      15
      11
      18
      13
      11
      12
      18
      15
      14
       5
       9
       8
      12
      11
      10
       9
       9
       7
      10
      14
       7
      13
      10
      12
       7
      12
       9
       6
      12
       9
      15
      12
       8
      10
       9
      11
       9
      11
       9
      12
      10
      14
      18
       7
      12
      10
       9
      10
      10
       9
      12
       8
      14
       8
       8
      16
      11
      15
      13
       7
       7
      15
      10
      17
       8
      17
      14
      14
      16
      14
      13
       8
      11
       7
      13
       8
      15
      16
      15
      19
       8
       5
      12
       7
       8
      14
      16
      14
       8
      13
      14
       7
      18
       8
      14
       9
      14
       7
       9
       3
      11
      12
      11
      11
      12
      10
       7
      11
      14
       4
       8
      20
      12
       9
      13
       8
       9
      13
      12
      14
      12
      22
      14
      19
       7
       8
       6
       9
      21
      13
      11
      23
       8
      23
      12
      15
      14
      19
      16
      11
      19
      17
      12
      13
      12
      11
      11
      11
      13
      16
      11
      12
       8
      13
      16
      13
       7
      11
      18
       7
      12
       6
      13
       9
      12
      15
      13
      12
       7
       8
      11
      14
       5
      15
       8
      14
      18
      12
       9
      16
      17
       7
       9
      16
      15
       4
      15
      14
      16
      13
      13
      15
      16
      16
      19
      11
      11
       8
      14
      12
      10
      18
      11
      14
       9
      14
      13
      17
      14
      15
      10
      10
      13
       8
      18
      26
      18
      19
      27
      26
      24
      18
      30
      17
      19
      13
       5
       8
       8
      11
      11
      10
       9
       9
      13
      12
      20
       7
      16
      12
      10
      10
      11
      13
      12
      15
       9
      16
       6
       9
      11
      12
      14
       9
       9
       9
       9
      10
      12
       9
      11
       9
       9
       9
      10
      10
      14
      17
       7
      13
       8
       9
      16
      11
       5
      14
      12
      10
       7
       8
      12
      12
      10
      10
      11
      13
      15
      12
      15
       9
      13
      14
      12
      11
      10
      10
       9
      13
      12
      12
      13
      15
      22
      16
      20
      14
      10
      18
       8
      12
      13
      12
      16
      19
      11
      16
      15
      18
      11
      11
      12
      15
      11
       8
      10
      11
      10
       8
      14
      11
      11
      18
      15
      13
       9
       9
      22
      10
      12
      10
      11
       7
      12
      14
       6
      17
      17
       9
       8
      14
       8
      10
       8
      13
      11
      16
       7
      10
      12
      14
      10
      10
      10
      10
       8
      13
      12
      13
       3
       7
      12
      10
       9
      15
      11
       8
       7
      14
      10
       6
      12
      14
      13
      14
      12
      12
      15
       6
      11
      11
      14
       8
      16
      13
       9
      16
      10
      15
      14
      19
      13
      11
       9
       8
      14
       6
      14
      19
      11
      17
      17
      14
      12
      14
      11
      16
      12
      13
      12
      13
      16
      22
       9
      17
      11
      13
      17
      18
       8
      13
       8
      17
      18
      10
       7
       9
      16
       6
      18
       9
      13
       9
      14
      14
      13
      14
      12
      16
      15
      16
      15
      15
      17
      23
      13
      16
      20
      28
      28
      38
      44
      60
      83
     111
     185
     216
     227
     224
     177
     120
      81
      36
      27
      14
      14
      12
       7
       9
      12
      10
       4
      14
       7
      14
      15
       3
      18
      10
      11
       5
      11
       6
       5
       7
       8
      11
       7
       9
       5
       6
      11
       7
       8
      11
       9
       8
      13
      15
      14
      11
       5
      10
       9
       9
      11
      10
      11
       3
       8
      11
       9
       3
      12
      10
       9
      13
      15
      10
      13
       7
       9
       7
       9
      11
       5
       6
       6
      10
      12
      10
       7
      10
      13
      13
       6
       7
      14
      12
       8
      17
      10
      13
      18
      12
       5
      12
      13
      11
      12
      18
       6
      14
      10
       8
       9
      17
      13
       9
       5
       9
      10
       8
       6
      12
      14
       6
      13
      10
       8
       5
      11
      14
      13
      13
       7
       4
       8
       5
       8
       6
       9
      11
       8
       8
       6
      13
      12
       8
       9
       5
      12
       5
      14
       9
       7
       6
      11
       8
       8
       8
       4
      12
      12
      11
       9
       7
      11
      11
       5
       7
       8
       6
       9
       9
       4
      11
       6
      10
      10
       9
       8
      12
      10
       7
       6
      13
      11
       6
      11
      10
       8
      11
      11
       4
       7
       5
       7
       5
      11
       6
       9
       9
       5
       8
       6
       8
       7
       6
       5
       9
       9
       6
      13
       7
      13
       5
      11
      13
      12
      12
       9
      10
      11
       8
      13
      13
       6
      19
       9
      11
      14
      11
      11
       6
       8
       7
      10
       9
       8
       9
      11
       7
       5
       8
       7
       7
      10
      12
      13
      12
      13
      15
      22
      25
      28
      48
      55
      75
      69
      77
      68
      46
      32
      26
      13
      15
       7
      14
       9
       7
      14
      13
       7
       8
      10
      17
       5
      13
      12
       5
       7
      13
      14
       9
       9
       9
      14
       7
       7
       8
       7
      11
      11
      13
      13
      11
      11
      13
      10
       6
      12
       9
       6
       9
       4
      10
      11
       8
       9
       8
      12
       7
       5
       6
       8
       9
      11
       8
       8
       4
      15
       8
       6
       5
       5
       9
      13
      10
       6
       9
      10
      12
      13
       5
      11
       7
      13
       8
      10
      11
      10
       9
      11
      11
      13
      17
      10
       8
       2
      12
      10
       9
      10
       9
      15
       6
       7
       9
      11
      10
      18
       8
       5
       7
       1
       6
       9
       5
       8
      12
       4
      11
       9
       4
      11
       5
       7
       4
      10
       6
       8
       9
       7
       8
       5
       7
      10
       8
       9
      13
      15
       6
      10
       7
      10
       7
       8
      15
      17
      10
      17
      12
      15
      13
      12
       9
       8
       2
       1
       8
       6
       5
       6
      13
      12
      10
       4
      11
      11
      11
       9
      13
       6
      11
       6
       9
       9
       7
       6
      13
      14
      11
      16
       3
       6
       4
       5
       6
       8
       5
       2
       8
       4
       7
       5
      12
       6
       7
       5
       1
       4
       6
       5
       7
       4
       2
      10
       5
       7
       7
       7
       3
       6
       5
       7
       6
      10
       9
       6
      11
      16
       6
       8
       8
       7
       8
      11
       9
       7
       9
       3
       8
       8
       9
      10
       7
      10
       3
      10
      10
       7
       9
      10
       6
       9
       6
       9
       8
      12
      10
      11
      11
       9
      11
      12
      10
       6
      14
      14
      15
      12
      14
      14
      22
      25
      20
      41
      29
      51
      98
     120
     151
     193
     223
     199
     183
     122
      86
      45
      26
      13
       9
       8
      12
       7
       6
       3
       5
       7
       6
       1
      10
       6
       6
       9
       7
      12
       5
       3
       3
       4
       6
       5
       6
       7
       6
       3
       9
       4
       6
       2
       7
       3
      10
       4
       4
       7
       3
       4
       5
       5
       7
       5
       7
       2
       4
       5
       8
       5
       4
       9
       6
       4
       3
       6
       3
       6
       5
       5
       4
       8
       5
       5
       5
       6
       6
       1
       6
       4
       7
       2
       8
       5
       6
       4
      10
       1
       8
       7
       4
      12
       6
       4
       0
       7
       7
       5
       4
       7
       4
       1
       3
       9
       2
       3
       6
       4
       5
       8
       5
       9
       4
      10
      15
      12
      15
      22
      21
      11
      16
       7
       5
       4
       7
       5
       4
       3
       6
       2
       3
       3
       3
       5
       5
       6
       3
       2
       4
       3
       4
       3
       2
       4
       4
       3
       5
       5
       2
       5
       5
       3
       7
       5
       4
       5
       6
       4
       3
       3
       4
       1
       3
       3
       4
       6
       5
       4
       4
       5
       5
       8
       7
       5
       5
       4
       4
       9
       2
       5
       1
       3
       5
       4
       4
       2
       3
       5
       2
       6
       3
       5
       4
      10
       3
       3
       6
       3
       3
       4
       6
       5
       5
       7
       5
       4
       4
       4
       3
       6
       5
       5
       4
       4
       6
       1
       3
       4
       3
       2
       4
       1
       2
       5
       4
       2
       7
       2
       5
       7
       2
       2
       2
       5
       3
       8
       6
       5
       0
       5
       3
       2
       3
       6
       9
       1
       5
       3
       8
       4
       5
       2
       1
       5
       7
       2
       5
       5
       4
       1
       5
       5
       3
       6
       1
       5
       1
       5
      10
       3
       8
       5
       7
       5
       4
       6
       9
       4
       5
       7
       9
       9
       9
       5
       6
       7
       8
       3
       2
      10
       7
       3
       4
       4
       6
       5
       5
       4
       3
       7
      11
       5
       4
       5
       4
       6
       4
       6
       7
       5
       7
       2
       9
       9
       7
       9
       7
       8
       4
       5
       5
       8
       8
       8
       6
      11
      10
      11
       9
      12
      14
      19
      34
      58
      77
      94
     134
     134
     121
     118
      77
      71
      41
      20
      23
      20
      19
      32
      28
      32
      33
      18
      24
      11
       7
       5
       9
       7
       7
       4
       3
       5
       5
       4
       6
       3
       7
       6
       6
      10
       8
       7
       4
       4
       4
       5
       4
       7
       6
       6
       5
       3
       5
       5
       8
      10
       3
       6
       4
       6
       7
      10
       7
      14
      12
      15
      10
      13
      14
      15
      24
      16
      22
      44
      48
      66
      86
     138
     170
     149
     191
     151
     114
      72
      46
      25
      18
       9
       4
       4
       7
       8
       0
       5
       1
       5
       6
       3
       5
       6
       5
       9
       2
       6
      10
       2
       9
       7
       5
       8
       2
       2
       3
       3
       2
       8
       2
       3
       2
       7
       5
       5
       7
       6
       6
       3
       6
       6
       3
       5
       5
       5
       3
       2
       3
       7
       6
       4
       4
       4
       3
       6
       1
       9
       1
       4
       4
       4
       2
       2
       2
       4
       3
       7
       5
       6
       7
       7
       8
       4
       3
       5
       7
       4
       2
       5
       3
       4
       4
       8
       6
       4
       3
       7
       2
       6
       3
       3
       3
       5
       5
       4
       1
       4
       2
       2
       2
       2
       0
       5
       9
       4
       2
       7
       5
       4
       2
       3
       7
       5
       4
       5
      12
       5
       5
       5
       4
       6
       3
       5
       3
       3
       5
       5
       6
       2
       5
       2
       4
       5
       2
       0
       4
       5
       5
       4
       2
       3
       7
       9
       6
       4
      11
       2
       5
       4
       4
       2
       4
       4
       9
       4
       5
       6
       6
       6
       7
       3
       6
       3
       2
       4
       3
       6
       5
       5
       7
       5
       2
       3
       8
       6
       5
       5
       5
       2
       4
       3
       3
       6
       3
       3
       7
       2
       6
       5
       5
       5
       2
       8
       4
       5
       5
       5
       9
       7
       2
       1
       1
       5
       3
       2
       5
       4
       4
       4
       3
       1
       4
       7
       1
       5
       7
       3
       5
       6
       3
       0
       0
       3
       6
       8
       1
       5
       5
       5
       3
       1
       4
       2
       4
       7
       1
       1
       3
       2
       5
       6
       2
       1
       0
       4
       2
       2
       3
       7
       1
       2
       3
       4
       3
       2
       8
       3
       8
       3
       7
       4
       4
       3
       8
      13
      12
      17
      13
      22
      18
      21
      13
       8
       9
       1
       4
       0
       2
       1
       2
       3
       1
       0
       3
       0
       3
       2
       3
       5
       5
       0
       2
       2
       2
       4
       4
       1
       2
       5
       0
       4
       1
       9
       1
       1
       3
       2
       2
       0
       4
       5
       2
       5
       3
       3
       1
       5
       7
       3
       3
       2
       5
       0
       1
       4
       4
       5
       3
       3
       2
       4
       2
       2
       4
       3
       4
       1
       3
       0
       1
       2
       3
       5
       1
       5
       2
       4
       4
       1
       1
       2
       2
       7
       2
       1
       5
       3
       1
       4
       3
       2
       1
       3
       4
       4
       0
       5
       3
       3
       4
       7
      10
       5
       7
       5
       2
       3
       2
       6
       5
       1
       1
       9
       0
       3
       2
       2
       0
       1
       3
       3
       1
       1
       0
       0
       1
       2
       1
       3
       2
       3
       0
       4
       1
       2
       3
       3
       1
       1
       1
       3
       5
       3
       3
       3
       0
       1
       2
       2
       5
       2
       1
       2
       2
       0
       1
       1
       3
       3
       1
       3
       4
       4
       2
       1
       4
       5
       4
       5
       3
       5
       2
       4
       2
       1
       0
       1
       1
       1
       0
       1
       2
       3
       2
       3
       2
       0
       3
       2
       1
       3
       2
       3
       3
       1
       1
       1
       5
       0
       0
       0
       3
       0
       2
       0
       2
       0
       1
       1
       1
       2
       0
       2
       1
       0
       3
       5
       1
       2
       4
       3
       4
       2
       0
       3
       3
       1
       5
       4
       4
      12
      14
      13
      15
      17
      26
      12
      21
      13
       6
       7
       6
       2
       5
       0
       1
       0
       1
       3
       3
       2
       0
       1
       1
       1
       0
       3
       1
       1
       2
       3
       0
       2
       1
       2
       0
       1
       0
       1
       0
       0
       1
       1
       0
       1
       4
       1
       1
       2
       1
       0
       1
       1
       1
       2
       1
       2
       2
       2
       3
       3
       0
       0
       0
       0
       1
       2
       0
       1
       0
       2
       0
       0
       2
       1
       0
       0
       2
       0
       1
       2
       2
       0
       0
       1
       1
       0
       1
       0
       2
       0
       1
       0
       0
       0
       1
       2
       3
       1
       1
       0
       1
       1
       1
       0
       3
       1
       1
       1
       1
       2
       0
       2
       2
       1
       0
       3
       3
       1
       0
       1
       0
       1
       0
       4
       4
       2
       2
       2
       1
       1
       0
       1
       3
       2
       3
       0
       2
       0
       1
       3
       1
       1
       1
       0
       1
       0
       0
       1
       0
       0
       0
       0
       1
       0
       2
       1
       0
       1
       2
       1
       1
       1
       1
       0
       0
       0
       1
       2
       0
       0
       0
       2
       1
       0
       0
       1
       0
       3
       2
       0
       1
       0
       0
       1
       1
       0
       0
       1
       1
       2
       2
       0
       0
       0
       0
       3
       0
       1
       1
       1
       1
       1
       0
       1
       0
       1
       1
       0
       1
       1
       1
       2
       2
       2
       1
       1
       0
       1
       2
       0
       0
       2
       2
       0
       4
       0
       1
       3
       0
       1
       0
       0
       2
       2
       0
       1
       0
       1
       1
       0
       3
       1
       1
       2
       1
       1
       2
       2
       1
       5
       1
       1
       3
       0
       3
       0
       1
       2
       1
       4
       1
       4
       1
       0
       1
       2
       3
       2
       4
       4
       5
       2
       5
       6
       4
       4
       5
       1
       4
       1
       2
       0
       6
       7
       3
       4
       5
       6
       5
       7
       8
      20
      13
      14
      19
      33
      47
      85
     107
     153
     176
     226
     200
     198
     183
     116
      71
      48
      14
       7
       3
       1
       4
       0
       0
       0
       2
       0
       2
       0
       2
       0
       0
       0
       1
       0
       0
       1
       0
       0
       0
       0
       1
       1
       0
       0
       0
       1
       0
       0
       1
       1
       0
       0
       0
       0
       0
       1
       0
       0
       0
       0
       1
       2
       0
       0
       0
       0
       0
       0
       0
       0
       1
       0
       0
       0
       1
       1
       0
       0
       0
       0
       0
       2
       0
       0
       0
       0
       0
       0
       0
       2
       2
       0
       0
       0
       1
       0
       0
       0
       1
       0
       0
       0
       0
       0
       0
       0
       3
       1
       0
       0
       1
       0
       0
       0
       2
       1
       2
       0
       0
       1
       1
       0
       0
       0
       0
       1
       1
       0
       0
       1
       0
       2
       2
       1
       0
       1
       1
       0
       0
       0
       2
       1
       6
       3
       8
       4
       6
       9
       2
       2
       1
       0
       1
       1
       0
       0
       2
       0
       1
       0
       1
       0
       1
       0
       0
       1
       0
       0
       0
       1
       0
       1
       0
       2
       0
       0
       1
       0
       2
       0
       0
       0
       1
       0
       0
       1
       1
       1
       0
       0
       0
       0
       0
       0
       0
       0
       0
       0
       1
       0
       0
       1
       1
       1
       0
       0
       1
       2
       0
       0
       0
       1
       0
       0
       0
       0
       0
       0
       0
       0
       1
       0
       0
       0
       1
       1
       0
       1
       0
       0
       1
       0
       0
       1
       0
       0
       0
       0
       0
       1
       0
       0
       0
       2
       0
       1
       0
       1
       0
       0
       0
       1
       0
       1
       1
       0
       0
       0
       0
       0
       1
       0
       0
       1
       0
       1
       0
       0
       0
       0
       0
       0
       1
       0
       0
       0
       0
       0
       0
       0
       0
       2
       1
       1
       0
       0
       0
       0
       2
       2
       0
       0
       0
       0
       1
       0
       1
       0
       0
       0
       1
       0
       0
       0
       0
       0
       0
       0
       0
       0
       0
       0
       0
       0
       0
       0
       0
       1
       0
       0
       1
       0
       0
       1
       0
       0
       0
       2
       1
       2
       1
       1
       2
       0
       2
       1
       2
       5
       4
       1
       2
       1
       2
       1
       3
       1
       0
       0
       0
       0
       0
       1
       0
       0
       0
       0
       1
       0
       0
       0
       0
       0
       0
       0
       0
       1
       1
       0
       0
       0
       0
       0
       0
       0
       0
       0
       0
       0
       0
       0
       0
       0
       0
       1
       0
       0
       0
       0
       0
       1
       0
       0
       0
       1
       0
       0
       0
       0
       0
       0
       0
       0
       0
       2
       0
       0
       0
       0
       0
       0
       0
       1
       0
       0
       0
       0
       0
       0
       0
       0
       0
       0
       0
       0
       0
       0
       0
       0
       0
       0
       0
       1
       0
       1
       0
       0
       0
       0
       0
       0
       0
       0
       0
       0
       1
       0
       0
       1
       0
       0
       0
       2
       0
       0
       0
       0
       0
       0
       0
       0
       1
       0
       1
       0
       0
       0
       0
       0
       0
       0
       0
       0
       1
       0
       0
       0
       0
       0
       0
       0
       1
       0
       0
       1
       0
       0
       1
       0
       0
       0
       0
       0
       1
       0
       0
       0
       0
       0
       0
       0
       0
       0
       0
       0
       0
       0
       0
       1
       1
       0
       1
       0
       0
       1
       0
       0
       0
       0
       1
       0
       0
       0
       0
       0
       0
       0
       0
       0
       0
       0
       0
       0
       0
       1
       0
       0
       0
       0
       0
       0
       0
       1
       1
       0
       1
       0
       0
       0
       0
       1
       0
       2
       1
       2
       0
       0
       0
       0
       1
       0
       1
       0
       0
       0
       0
       0
       0
       0
       0
       0
       0
       1
       0
       0
       0
       0
       0
       1
       0
       0
       0
       0
       0
       0
       0
       1
       0
       0
       0
       0
       0
       0
       0
       0
       0
       2
       0
       0
       0
       0
       0
       0
       0
       0
       0
       0
       1
       1
       0
       0
       1
       0
       0
       0
       1
       0
       0
       0
       0
       0
       1
       0
       0
       1
       0
       0
       0
       0
       0
       0
       1
       0
       0
       0
       0
       1
       1
       0
       0
       0
       0
       0
       0
       1
       1
       0
       0
       1
       0
       0
       1
       0
       0
       0
       0
       0
       1
       0
       0
       0
       0
       0
       0
       1
       0
       0
       1
       0
       1
       1
       0
       0
       0
       0
       1
       0
       0
       0
       0
       0
       0
       0
       0
       0
       0
       0
       1
       0
       0
       0
       0
       0
       0
       1
       1
       0
       0
       0
       0
       0
       0
       0
       0
       1
       0
       0
       0
       0
       0
       0
       0
       0
       0
       0
       0
       0
       0
       0
       0
       0
       0
       0
       0
       0
       0
       0
       0
       0
       0
       0
       1
       0
       0
       0
       0
       0
       0
       0
       0
       0
       1
       1
       0
       0
       0
       0
       0
       0
       0
       0
       0
       0
       0
       0
       0
       0
       0
       0
       0
       0
       0
       0
       0
       0
       0
       0
       0
       0
       0
       0
       1
       0
       0
       0
       0
       0
       0
       0
       0
       0
       0
       0
       0
       0
       0
       0
       0
       0
       0
       1
       1
       0
       0
       0
       0
       0
       0
       0
       0
       0
       0
       0
       0
       0
       0
       0
       1
       0
       0
       0
       0
       0
       0
       0
       0
       0
       1
       1
       0
       0
       0
       1
       0
       0
       0
       0
       0
       0
       0
       1
       0
       1
       0
       0
       0
       0
       0
       0
       0
       0
       1
       0
       0
       0
       0
       0
       0
       0
       0
       0
       0
       0
       1
       0
       0
       0
       0
       2
       0
       0
       0
       0
       0
       0
       0
       1
       0
       0
       0
       0
       0
       0
       0
       0
       0
       0
       0
       0
       0
       0
       0
       0
       0
       0
       1
       0
       0
       0
       0
       0
       0
       0
       0
       0
       0
       0
       0
       1
       0
       0
       0
       0
       0
       0
       0
       0
       0
       1
       0
       0
       0
       0
       0
       0
       0
       0
       1
       0
       0
       0
       0
       0
       1
       0
       0
       0
       0
       0
       0
       0
       0
       0
       1
       0
       0
       0
       0
       1
       0
       0
       0
       0
       0
       0
       1
       0
       0
       0
       0
       1
       1
       0
       0
       0
       1
       0
       0
       0
       0
       0
       0
       0
       0
       0
       0
       0
       0
       0
       0
       0
       0
       0
       0
       0
       0
       0
       0
       0
       0
       0
       0
       0
       1
       0
       0
       1
       2
       0
       0
       1
       1
       0
       0
       0
       0
       0
       1
       0
       0
       0
       0
       0
       0
       0
       0
       0
       0
       1
       0
       0
       0
       0
       0
       0
       1
       0
       0
       0
       0
       0
       0
       0
       0
       0
       0
       0
       0
       0
       1
       0
       0
       0
       0
       0
       0
       1
       0
       0
       0
       0
       1
       0
       0
       1
       0
       1
       0
       0
       1
       0
       0
       0
       1
       0
       0
       0
       0
       0
       1
       0
       1
       0
       0
       0
       0
       0
       0
       0
       0
       0
       1
       0
       0
       0
       0
       0
       0
       0
       0
       0
       0
       1
       0
       0
       0
       0
       0
       0
       0
       0
       0
       0
       0
       0
       0
       0
       0
       0
       0
       0
       0
       0
       0
       0
       0
       0
       0
       0
       0
       1
       0
       0
       1
       0
       0
       0
       0
       0
       0
       0
       0
       0
       0
       0
       0
       0
       0
       0
       0
       0
       1
       0
       0
       0
       0
       0
       0
       0
       0
       0
       0
       0
       0
       0
       0
       0
       0
       0
       0
       0
       0
       0
       0
       0
       0
       0
       0
       0
       0
       0
       0
       0
       0
       0
       0
       0
       0
       0
       0
       0
       0
       0
       0
       0
       0
       0
       0
       0
       0
       0
       0
       0
       0
       0
       0
       0
       0
       0
       0
       1
       0
       1
       0
       0
       0
       0
       0
       0
       0
       0
       0
       0
       0
       0
       0
       0
       0
       0
       0
       0
       0
       0
       0
       0
       0
       0
       0
       0
       0
       0
       0
       0
       0
       0
       0
       0
       0
       0
       0
       0
       1
       0
       0
       0
       0
       0
       1
       0
       0
       0
       0
       0
       0
       1
       0
       0
       0
       0
       0
       0
       0
       0
       0
       0
       0
       0
       0
       0
       0
       0
       0
       0
       0
       0
       0
       0
       0
       0
       0
       0
       0
       0
       0
       0
       0
       0
       0
       0
       0
       0
       0
       0
       0
       0
       0
       0
       0
       0
       0
       0
       0
       0
       0
       0
       0
       0
       0
       0
       0
       0
       0
       0
       0
       0
       0
       0
       0
       0
       0
       0
       0
       0
       0
       0
       0
       0
       0
       0
       0
       1
       0
       0
       1
       0
       0
       0
       1
       0
       0
       0
       0
       0
       0
       0
       0
       0
       0
       0
       0
       0
       0
       0
       0
       0
       0
       0
       0
       0
       0
       0
       0
       0
       0
       0
       0
       0
       0
       0
       0
       0
       0
       0
       0
       0
       0
       0
       0
       0
       0
       0
       0
       0
       0
       1
       0
       0
       1
       0
       0
       0
       0
       0
       0
       0
       0
       0
       0
       0
       0
       0
       0
       0
       0
       0
       0
       0
       0
       0
       0
       0
       0
       0
       0
       0
       0
       0
       0
       0
       0
       2
       0
       0
       0
       0
       0
       0
       0
       0
       0
       1
       0
       0
       0
       0
       0
       0
       0
       0
       0
       0
       0
       0
       0
       0
       0
       0
       0
       0
       0
       0
       0
       0
       0
       0
       0
       0
       0
       0
       0
       1
       0
       0
       0
       0
       0
       0
       0
       0
       0
       0
       0
       0
       0
       0
       0
       0
       0
       0
       0
       0
       0
       0
       0
       0
       0
       0
       0
       0
       0
       0
       0
       0
       0
       0
       0
       0
       0
       0
       0
       0
       0
       1
       0
       0
       0
       0
       0
       0
       0
       0
       0
       1
       0
       0
       0
       0
       0
       0
       0
       0
       0
       0
       0
       0
       0
       0
       1
       0
       0
       0
       0
       0
       0
       0
       0
       0
       0
       0
       0
       0
       0
       0
       0
       0
       0
       0
       0
       0
       0
       0
       0
       0
       0
       0
       0
       0
       0
       0
       0
       0
       0
       0
       0
       0
       0
       1
       0
       0
       0
       0
       0
       0
       0
       0
       0
       0
       0
       0
       0
       0
       0
       0
       0
       1
       0
       0
       0
       1
       0
       0
       1
       0
       0
       0
       0
       0
       0
       0
       0
       0
       0
       0
       0
       0
       0
       0
       0
       0
       0
       0
       0
       0
       0
       0
       0
       0
       0
       0
       0
       0
       0
       0
       1
       0
       0
       0
       0
       0
       0
       0
       0
       0
       0
       0
       0
       0
       0
       0
       0
       0
       0
       0
       0
       0
       0
       0
       0
       0
       0
       1
       0
       0
       0
       0
       0
       0
       0
       0
       0
       0
       0
       0
       0
       0
       0
       0
       0
       0
       0
       0
       0
       0
       1
       0
       0
       1
       0
       0
       0
       0
       0
       0
       0
       0
       0
       0
       0
       0
       0
       0
       0
       0
       0
       0
       0
       0
       0
       0
       0
       0
       0
       0
       0
       0
       0
       0
       0
       0
       0
       0
       0
       0
       0
       0
       0
       0
       0
       0
       0
       0
       0
       0
       0
       0
       0
       0
       0
       0
       0
       0
       0
       0
       1
       0
       0
       0
       0
       0
       0
       0
       0
       0
       1
       0
       0
       0
       0
       0
       0
       0
       0
       0
       0
       0
       0
       0
       0
       0
       0
       0
       0
       0
       0
       0
       0
       0
       0
       0
       0
       0
       0
       0
       0
       0
       0
       0
       0
       0
       0
       0
       0
       0
       0
       0
       0
       0
       0
       0
       0
       0
       0
       0
       0
       0
       0
       0
       0
       0
       0
       0
       0
       0
       0
       0
       0
       0
       0
       0
       0
       0
       0
       0
       0
       0
       0
       0
       0
       0
       0
       0
       0
       0
       0
       0
       0
       0
       0
       0
       0
       0
       0
       0
       0
       1
       0
       0
       0
       0
       0
       0
       0
       0
       0
       0
       0
       0
       0
       0
       1
       0
       0
       0
       0
       0
       0
       0
       0
       0
       0
       0
       0
       0
       1
       0
       0
       0
       0
       0
       0
       0
       0
       0
       0
       0
       0
       0
       0
       0
       0
       0
       0
       0
       0
       0
       0
       0
       0
       0
       0
       0
       0
       0
       0
       0
       0
       0
       0
       0
       0
       0
       0
       0
       0
       0
       0
       0
       0
       0
       0
       0
       0
       0
       0
       0
       0
       0
       0
       0
       0
       0
       0
       0
       0
       0
       0
       0
       0
       0
       0
       0
       0
       0
       0
       0
       0
       0
       0
       0
       0
       0
       0
       0
       0
       0
       0
       0
       0
       0
       0
       0
       0
       0
       0
       0
       0
       0
       0
       0
       0
       0
       0
       0
       0
       0
       0
       0
       0
       0
       0
       0
       0
       0
       0
       0
       0
       0
       0
       0
       0
       0
       0
       0
       0
       0
       0
       0
       0
       0
       0
       0
       0
       0
       0
       0
       0
       0
       0
       0
       0
       0
       0
       0
       0
       0
       0
       0
       0
       0
       0
       0
       0
       1
       0
       0
       0
       0
       0
       0
       0
       0
       0
       0
       0
       0
       0
       0
       0
       0
       0
       0
       0
       0
       0
       0
       1
       0
       0
       0
       0
       0
       0
       0
       0
       0
       0
       0
       0
       0
       0
       0
       0
       0
       0
       0
       0
       0
       0
       0
       0
       0
       0
       0
       0
       0
       0
       0
       0
       0
       0
       0
       0
       1
       0
       0
       0
       0
       0
       0
       0
       0
       0
       0
       0
       0
       0
       0
       0
       0
       0
       0
       0
       1
       0
       1
       0
       0
       0
       0
       0
       0
       0
       0
       0
       0
       0
       0
       0
       0
       0
       0
       0
       0
       0
       0
       0
       0
       0
       0
       0
       0
       0
       1
       0
       0
       0
       0
       0
       0
       0
       0
       0
       0
       0
       0
       0
       0
       0
       0
       0
       0
       0
       0
       0
       0
       0
       1
       0
       0
       0
       0
       0
       0
       0
       0
       0
       0
       0
       0
       0
       0
       0
       0
       0
       0
       0
       0
       0
       0
       0
       0
       0
       0
       0
       0
       0
       0
       0
       0
       0
       0
       0
       0
       0
       0
       0
       0
       0
       0
       0
       0
       0
       0
       0
       0
       0
       0
       0
       0
       0
       0
       0
       0
       0
       0
       0
       0
       0
       0
       0
       0
       0
       0
       0
       0
       0
       0
       0
       0
       0
       0
       0
       0
       0
       0
       0
       0
       0
       0
       0
       0
       0
       0
       0
       0
       0
       0
       0
       0
       0
       0
       0
       0
       0
       0
       0
       0
       0
       0
       0
       0
       0
       0
       0
       0
       0
       0
       0
       0
       0
       0
       0
       0
       0
       0
       0
       0
       1
       0
       0
       1
       0
       0
       0
       0
       0
       0
       0
       0
       0
       0
       0
       0
       0
       0
       0
       0
       0
       0
       0
       0
       0
       0
       0
       0
       0
       0
       0
       0
       0
       0
       0
       0
       0
       0
       0
       0
       0
       0
       0
       0
       0
       0
       0
       0
       0
       0
       0
       0
       0
       0
       0
       0
       0
       1
       0
       0
       0
       0
       0
       0
       0
       0
       0
       0
       0
       0
       0
       0
       0
       0
       0
       0
       0
       0
       0
       0
       0
       0
       0
       0
       0
       0
       0
       0
       0
       0
       0
       0
       0
       0
       0
       0
       0
       0
       0
       0
       0
       0
       1
       0
       0
       0
       0
       0
       0
       1
       0
       0
       0
       0
       0
       0
       0
       0
       0
       0
       0
       0
       0
       0
       0
       0
       1
       0
       0
       0
       0
       0
       0
       0
       0
       0
       0
       0
       0
       0
       0
       0
       0
       0
       0
       0
       0
       0
       0
       0
       0
       0
       0
       0
       0
       0
       0
       0
       0
       0
       0
       0
       0
       0
       0
       0
       0
       0
       0
       0
       0
       0
       0
       0
       0
       0
       0
       0
       0
       0
       0
       0
       0
       0
       0
       0
       0
       0
       0
       0
       0
       0
       0
       0
       0
       0
       0
       0
       0
       0
       0
       0
       0
       0
       0
       0
       0
       0
       0
       0
       0
       0
       0
       0
       0
       0
       0
       0
       0
       0
       0
       0
       0
       0
       0
       0
       0
       0
       0
       0
       0
       0
       0
       0
       0
       0
       0
       0
       0
       0
       0
       0
       0
       0
       0
       0
       0
       0
       0
       0
       0
       0
       0
       0
       0
       0
       0
       0
       0
       0
       0
       0
       0
       0
       0
       0
       0
       0
       0
       0
       0
       0
       0
       0
       0
       0
       0
       0
       0
       0
       0
       0
       0
       0
       0
       0
       0
       0
       0
       0
       0
       0
       0
       0
       0
       0
       0
       0
       0
       0
       0
       0
       0
       1
       0
       0
       0
       0
       0
       0
       0
       0
       0
       0
       0
       0
       0
       0
       0
       0
       0
       0
       0
       0
       0
       0
       0
       0
       0
       0
       0
       0
       0
       0
       0
       0
       0
       0
       0
       0
       0
       0
       0
       0
       0
       0
       0
       0
       0
       0
       0
       0
       0
       0
       0
       0
       0
       0
       0
       0
       0
       0
       0
       0
       0
       0
       0
       0
       0
       0
       0
       0
       0
       0
       0
       0
       0
       0
       0
       0
       0
       0
       0
       0
       0
       0
       0
       0
       0
       0
       0
       0
       0
       0
       0
       0
       0
       0
       0
       0
       0
       0
       0
       0
       0
       0
       0
       0
       0
       0
       0
       0
       0
       0
       0
       0
       0
       0
       0
       0
       0
       0
       0
       0
       0
       0
       0
       0
       0
       0
       0
       0
       0
       0
       0
       0
       0
       0
       0
       0
       0
       0
       0
       0
       0
       0
       0
       0
       0
       0
       0
       0
       0
       0
       0
       0
       0
       0
       0
       0
       0
       0
       0
       0
       0
       0
       0
       0
       0
       0
       0
       0
       0
       0
       0
       0
       0
       0
       0
       0
       0
       0
       0
       0
       0
       0
       0
       0
       0
       0
       0
       0
       0
       0
       0
       0
       0
       0
       1
       0
       0
       0
       0
       0
       0
       0
       0
       0
       0
       0
       0
       0
       0
       0
       0
       0
       0
       0
       0
       0
       0
       0
       0
       0
       0
       0
       0
       0
       0
       0
       0
       0
       0
       0
       0
       0
       0
       0
       0
       0
       0
       0
       0
       0
       0
       0
       0
       0
       0
       0
       0
       0
       0
       0
       0
       0
       0
       0
       0
       0
       0
       0
       0
       0
       0
       0
       0
       0
       0
       0
       0
       0
       0
       0
       0
       0
       0
       0
       0
       0
       0
       0
       0
       0
       0
       0
       0
       0
       0
       0
       0
       0
       0
       0
       0
       0
       0
       0
       0
       0
       0
       0
       0
       0
       0
       0
       0
       0
       0
       0
       0
       0
       0
       0
       0
       0
       0
       0
       0
       0
       0
       0
       0
       0
       0
       0
       0
       0
       0
       0
       0
       0
       0
       0
       0
       0
       0
       0
       0
       0
       0
       0
       0
       0
       0
       0
       0
       0
       0
       0
       0
       0
       0
       0
       0
       0
       0
       0
       0
       0
       0
       0
       0
       0
       0
       0
       0
       0
       0
       0
       0
       0
       0
       0
       0
       0
       0
       0
       0
       0
       0
       0
       0
       0
       0
       0
       0
       0
       0
       0
       0
       0
       0
       0
       0
       0
       0
       0
       0
       0
       0
       0
       0
       0
       0
       0
       0
       0
       0
       0
       0
       0
       0
       0
       0
       0
       0
       0
       0
       0
       0
       0
       0
       0
       0
       0
       0
       0
       0
       0
       0
       0
       0
       0
       0
       0
       0
       0
       0
       0
       0
       0
       0
       0
       0
       0
       0
       0
       0
       0
       0
       0
       0
       0
       0
       0
       0
       0
       0
       0
       0
       0
       0
       0
       0
       0
       0
       0
       0
       0
       0
       0
       0
       0
       0
       0
       0
       0
       0
       0
       0
       0
       0
       0
       0
       0
       0
       0
       0
       0
       0
       0
       0
       0
       0
       0
       0
       0
       0
       0
       0
       0
       0
       0
       0
       0
       0
       0
       0
       0
       0
       0
       0
       0
       0
       0
       0
       0
       0
       0
       0
       0
       0
       0
       0
       0
       0
       0
       0
       0
       0
       0
       0
       0
       0
       0
       0
       0
       0
       0
       0
       0
       0
       0
       0
       0
       0
       0
       0
       0
       0
       0
       0
       0
       0
       0
       0
       0
       0
       0
       0
       0
       0
       0
       0
       0
       0
       0
       0
       0
       0
       0
       0
       0
       0
       0
       0
       0
       0
       0
       0
       0
       0
       0
       0
       0
       0
       0
       0
       0
       0
       0
       0
       0
       0
       0
       0
       0
       0
       0
       0
       0
       0
       0
       0
       0
       0
       0
       0
       0
       0
       0
       0
       0
       0
       0
       0
       0
       0
       0
       0
       0
       0
       0
       0
       0
       0
       0
       0
       0
       0
       0
       0
       0
       0
       0
       0
       0
       0
       0
       0
       0
       0
       0
       0
       0
       0
       0
       0
       0
       0
       0
       0
       0
       1
       0
       0
       0
       0
       0
       0
       0
       0
       0
       0
       0
       0
       0
       0
       0
       0
       0
       0
       0
       0
       0
       0
       0
       0
       0
       0
       0
       0
       0
       0
       0
       0
       0
       0
       0
       0
       0
       0
       0
       0
       0
       0
       0
       0
       0
       0
       0
       0
       0
       0
       0
       0
       0
       1
       0
       0
       0
       0
       0
       0
       0
       0
       0
       0
       0
       0
       0
       0
       0
       0
       0
       0
       0
       0
       0
       0
       0
       0
       0
       0
       0
       0
       0
       0
       0
       0
       0
       0
       0
       0
       0
       0
       0
       0
       0
       0
       0
       0
       0
       0
       0
       0
       0
       0
       0
       0
       0
       0
       0
       0
       0
       0
       0
       0
       0
       0
       0
       0
       0
       0
       0
       0
       0
       0
       0
       0
       0
       0
       0
       0
       0
       0
       0
       0
       0
       0
       0
       0
       0
       0
       0
       0
       0
       0
       0
       0
       0
       0
       0
       0
       0
       0
       0
       0
       0
       0
       0
       0
       0
       0
       0
       0
       0
       0
       0
       0
       1
       0
       0
       0
       0
       0
       0
       0
       0
       0
       0
       0
       0
       0
       0
       0
       0
       0
       0
       0
       0
       0
       0
       0
       0
       0
       0
       0
       0
       0
       0
       0
       0
       0
       0
       0
       0
       0
       0
       0
       0
       0
       0
       0
       0
       0
       0
       0
       0
       0
       0
       0
       0
       0
       0
       0
       0
       0
       0
       0
       0
       0
       0
       0
       0
       0
       0
       0
       0
       0
       0
       0
       0
       0
       0
       0
       0
       0
       0
       0
       0
       0
       0
       0
       0
       0
       0
       0
       0
       0
       0
       0
       0
       0
       0
       0
       0
       0
       0
       0
       0
       0
       0
       0
       0
       0
       0
       0
       0
       0
       0
       0
       0
       0
       0
       0
       0
       0
       0
       0
       0
       0
       0
       0
       0
       0
       0
       0
       0
       0
       0
       0
       0
       0
       0
       0
       0
       0
       0
       0
       0
       0
       0
       0
       0
       0
       0
       0
       0
       0
       0
       0
       0
       0
       0
       0
       0
       0
       0
       0
       0
       0
       0
       0
       0
       0
       0
       0
       0
       0
       0
       0
       0
       0
       0
       0
       0
       0
       0
       0
       0
       0
       0
       0
       0
       0
       0
       0
       0
       0
       0
       0
       0
       0
       0
       0
       0
       0
       0
       0
       0
       0
       0
       0
       0
       0
       0
       0
       0
       0
       0
       0
       0
       0
       0
       0
       0
       0
       0
       0
       0
       0
       0
       0
       0
       0
       0
       0
       0
       0
       0
       0
       0
       0
       0
       0
       0
       0
       0
       0
       0
       0
       0
       0
       0
       0
       0
       0
       0
       0
       0
       0
       0
       0
       0
       0
       0
       0
       0
       0
       0
       0
       0
       0
       0
       0
       0
       0
       0
       0
       0
       0
       0
       0
       0
       0
       0
       0
       0
       0
       0
       0
       0
       0
       0
       0
       0
       1
       0
       0
       0
       0
       0
       0
       0
       0
       0
       0
       0
       0
       0
       0
       0
       0
       0
       0
       0
       0
       0
       0
       0
       0
       0
       0
       0
       0
       0
       0
       0
       0
       0
       0
       0
       0
       0
       0
       0
       0
       0
       0
       0
       0
       0
       0
       0
       0
       0
       0
       0
       0
       0
       0
       0
       0
       0
       0
       0
       0
       0
       0
       0
       0
       0
       0
       0
       0
       0
       0
       0
       0
       0
       0
       0
       0
       0
       0
       0
       1
       0
       0
       0
       0
       0
       0
       0
       0
       0
       0
       0
       0
       0
       0
       0
       0
       0
       0
       0
       0
       0
       0
       0
       0
       0
       0
       0
       0
       0
       0
       0
       0
       0
       0
       0
       0
       0
       0
       0
       0
       0
       0
       0
       0
       0
       0
       0
       0
       0
       0
       0
       0
       0
       0
       0
       0
       0
       0
       0
       0
       0
       0
       0
       0
       0
       0
       0
       0
       0
       0
       0
       0
       0
       0
       0
       0
       0
       0
       0
       0
       0
       0
       0
       0
       0
       0
       0
       0
       0
       0
       0
       0
       0
       0
       0
       0
       0
       0
       0
       0
       0
       0
       0
       0
       0
       0
       0
       0
       0
       0
       0
       0
       0
       0
       0
       0
       0
       0
       1
       0
       0
       0
       0
       0
       0
       0
       0
       0
       0
       0
       0
       0
       0
       0
       0
       0
       0
       0
       0
       0
       0
       0
       0
       0
       0
       0
       0
       0
       0
       0
       0
       0
       0
       0
       0
       0
       0
       0
       0
       0
       0
       0
       0
       0
       0
       0
       0
       0
       0
       0
       0
       0
       0
       0
       0
       0
       0
       0
       0
       0
       0
       0
       0
       0
       0
       0
       0
       0
       0
       0
       0
       0
       0
       0
       0
       0
       0
       0
       0
       0
       0
       0
       0
       0
       0
       0
       0
       0
       0
       0
       0
       0
       0
       0
       0
       0
       0
       0
       0
       0
       0
       0
       0
       0
       0
       0
       0
       0
       0
       0
       0
       0
       0
       0
       0
       0
       0
       0
       0
       0
       0
       0
       0
       0
       0
       0
       0
       0
       0
       0
       0
       0
       0
       0
       0
       0
       0
       0
       0
       0
       0
       0
       0
       0
       0
       0
       0
       0
       0
       0
       0
       0
       0
       0
       0
       0
       0
       0
       0
       0
       0
       0
       0
       0
       0
       0
       0
       0
       0
       0
       0
       0
       0
       0
       0
       0
       0
       0
       0
       0
       0
       0
       0
       0
       0
       0
       0
       0
       0
       0
       0
       0
       0
       0
       0
       0
       0
       0
       0
       0
       0
       0
       0
       0
       0
       0
       0
       0
       0
       0
       0
       0
       0
       0
       0
       0
       0
       0
       0
       0
       0
       0
       0
       0
       0
       0
       0
       0
       0
       0
       0
       0
       0
       0
       0
       0
       0
       0
       0
       0
       0
       0
       0
       0
       0
       0
       0
       0
       0
       0
       0
       0
       0
       0
       0
       0
       0
       0
       0
       0
       0
       0
       0
       0
       0
       0
       0
       0
       0
       0
       0
       0
       0
       0
       0
       0
       0
       0
       0
       0
       0
       0
       0
       0
       0
       0
       0
       0
       0
       0
       0
       0
       0
       0
       0
       0
       0
       0
       0
       0
       0
       0
       0
       0
       0
       0
       0
       0
       0
       0
       0
       0
       0
       0
       0
       0
       0
       0
       0
       0
       0
       0
       0
       0
       0
       0
       0
       0
       0
       0
       0
       0
       0
       0
       0
       0
       0
       0
       0
       0
       0
       0
       0
       0
       0
       0
       0
       0
       0
       0
       0
       0
       0
       0
       0
       0
       0
       0
       0
       0
       0
       0
       0
       0
       0
       0
       0
       0
       0
       0
       0
       0
       0
       0
       0
       0
       0
       0
       0
       0
       0
       0
       0
       0
       0
       0
       0
       0
       1
       0
       0
       0
       0
       0
       0
       0
       0
       0
       0
       0
       0
       0
       0
       0
       0
       0
       0
       0
       0
       0
       0
       0
       0
       0
       0
       0
       0
       0
       0
       0
       0
       0
       0
       0
       0
       0
       0
       0
       0
       0
       0
       0
       0
       0
       0
       0
       0
       0
       0
       0
       0
       0
       0
       0
       0
       0
       0
       0
       0
       0
       0
       0
       0
       1
       0
       0
       0
       0
       0
       0
       0
       0
       0
       0
       0
       0
       0
       0
       0
       0
       0
       0
       0
       0
       0
       0
       0
       0
       0
       0
       0
       0
       0
       0
       0
       0
       0
       0
       0
       0
       0
       0
       0
       0
       0
       0
       0
       0
       0
       0
       0
       0
       0
       0
       0
       0
       0
       0
       0
       0
       0
       0
       0
       0
       0
       0
       0
       0
       0
       0
       0
       0
       0
       0
       0
       0
       0
$ROI:
0
$PRESETS:
None
0
0
$ENER_FIT:
16.228020 0.365531
$MCA_CAL:
3
1.622802E+001 3.655311E-001 -4.823573E-008 keV
$SHAPE_CAL:
3
4.607991E+000 9.525071E-004 -1.165218E-007
