$SPEC_ID:
No sample description was entered.
$SPEC_REM:
DET# 1
DETDESC# DESKTOP-I9R95QV 926
AP# Maestro Version 7.01
$DATE_MEA:
09/16/2020 13:24:07
$MEAS_TIM:
418661 418751
$DATA:
0 8191
       0
       0
       0
       0
       0
       0
       0
       0
       0
       0
       0
       0
       0
       0
       0
       0
       0
       0
       0
       0
       0
       0
       0
       0
       0
       1
      17
     121
     579
     626
     660
     661
     600
     633
     611
     603
     639
     603
     619
     560
     622
     572
     616
     538
     576
     588
     563
     547
     533
     597
     552
     543
     582
     583
     551
     568
     571
     525
     603
     553
     554
     568
     584
     583
     578
     562
     573
     591
     562
     532
     599
     602
     567
     596
     615
     628
     612
     659
     640
     734
     737
     795
     799
     815
     662
     619
     545
     545
     541
     520
     523
     515
     558
     520
     513
     537
     516
     538
     537
     540
     523
     503
     548
     513
     538
     511
     541
     566
     571
     579
     565
     567
     521
     566
     574
     541
     577
     608
     585
     624
     555
     571
     552
     634
     636
     660
     785
     906
     918
     993
     829
     723
     659
     618
     596
     627
     630
     651
     605
     646
     666
     617
     597
     643
     623
     626
     669
     650
     728
     672
     686
     827
     864
     912
     948
     977
     928
     941
    1043
    1157
    1287
    1207
    1008
     927
     803
     921
     925
     847
     824
     709
     714
     609
     654
     666
     696
     645
     600
     636
     631
     666
     625
     670
     754
     823
     832
     858
     923
    1023
     990
     914
     801
     771
     830
     826
     908
     845
     828
     807
     744
     702
     737
     811
     791
     748
     816
     896
    1173
    1435
    1728
    1710
    1470
    1204
     887
     769
     746
     695
     671
     628
     588
     618
     597
     598
     623
     638
     652
     723
     620
     692
     582
     646
     622
     572
     598
     651
     603
     632
     571
     637
     617
     625
     604
     616
     654
     611
     646
     662
     663
     633
     658
     656
     613
     667
     687
     615
     688
     697
     721
     662
     672
     652
     647
     632
     682
     738
     711
     654
     655
     613
     668
     689
     667
     664
     632
     668
     666
     657
     633
     699
     632
     615
     646
     726
     646
     690
     671
     668
     661
     669
     668
     640
     658
     649
     670
     606
     645
     641
     660
     634
     642
     622
     615
     671
     667
     671
     652
     661
     653
     630
     681
     678
     696
     652
     663
     633
     660
     659
     701
     643
     655
     657
     656
     665
     606
     621
     656
     655
     681
     682
     654
     664
     647
     682
     640
     633
     621
     617
     646
     670
     703
     649
     653
     664
     665
     700
     656
     708
     728
     782
     778
     836
     775
     662
     668
     642
     641
     638
     643
     632
     578
     628
     623
     601
     657
     650
     629
     655
     639
     618
     596
     653
     640
     628
     649
     638
     609
     619
     673
     646
     714
     625
     613
     581
     600
     617
     588
     597
     598
     568
     591
     607
     583
     587
     596
     596
     609
     582
     621
     645
     584
     622
     626
     685
     694
     617
     652
     581
     561
     602
     570
     624
     599
     584
     535
     598
     588
     588
     598
     600
     544
     590
     546
     555
     611
     574
     607
     582
     534
     599
     578
     574
     593
     579
     553
     579
     547
     570
     545
     553
     536
     600
     524
     563
     538
     593
     590
     544
     577
     543
     540
     608
     538
     588
     582
     611
     563
     556
     569
     581
     572
     664
     735
     973
    1255
    1438
    1405
    1233
     831
     658
     568
     550
     514
     493
     517
     512
     565
     519
     520
     509
     557
     528
     576
     531
     509
     518
     523
     545
     542
     519
     559
     523
     525
     568
     524
     486
     504
     515
     516
     519
     514
     529
     518
     476
     509
     553
     610
     710
     858
     935
     949
     842
     713
     603
     523
     525
     563
     566
     546
     610
     547
     526
     548
     496
     497
     454
     512
     501
     549
     606
     595
     538
     495
     500
     473
     477
     493
     463
     482
     465
     500
     420
     481
     491
     472
     474
     440
     491
     517
     503
     486
     479
     468
     474
     470
     474
     450
     514
     459
     471
     477
     475
     462
     464
     471
     454
     484
     480
     496
     450
     450
     488
     457
     465
     470
     471
     490
     469
     465
     438
     429
     451
     438
     426
     456
     434
     468
     468
     405
     451
     444
     450
     412
     433
     449
     464
     449
     463
     443
     435
     467
     484
     418
     464
     468
     512
     560
     693
     913
    1119
    1214
    1135
     942
     651
     514
     491
     576
     566
     571
     498
     521
     468
     422
     394
     417
     401
     405
     373
     406
     398
     404
     386
     408
     383
     365
     402
     391
     389
     400
     358
     426
     383
     407
     397
     388
     400
     364
     404
     382
     400
     407
     425
     373
     415
     381
     407
     377
     367
     388
     388
     360
     382
     400
     361
     405
     398
     379
     361
     371
     382
     410
     408
     393
     371
     352
     376
     381
     338
     388
     354
     366
     364
     372
     359
     386
     367
     377
     351
     409
     390
     392
     374
     399
     352
     422
     418
     471
     434
     412
     397
     439
     388
     331
     369
     396
     359
     361
     351
     375
     328
     337
     346
     385
     363
     360
     378
     424
     391
     366
     374
     395
     358
     356
     311
     351
     378
     352
     355
     327
     337
     333
     362
     351
     339
     343
     321
     311
     395
     344
     357
     352
     377
     328
     353
     340
     323
     336
     348
     338
     311
     340
     329
     310
     314
     370
     292
     339
     326
     326
     334
     350
     367
     409
     498
     516
     560
     526
     445
     382
     311
     304
     319
     335
     327
     340
     377
     331
     352
     384
     356
     328
     328
     329
     308
     335
     316
     332
     311
     299
     293
     314
     329
     376
     397
     475
     593
     661
     697
     622
     462
     407
     316
     338
     295
     277
     299
     336
     326
     314
     307
     323
     322
     323
     324
     310
     313
     307
     328
     317
     307
     310
     278
     290
     305
     327
     320
     325
     279
     281
     299
     282
     308
     296
     303
     286
     293
     296
     301
     295
     299
     299
     284
     257
     279
     290
     327
     268
     317
     287
     263
     312
     294
     286
     316
     350
     358
     362
     341
     291
     291
     310
     317
     332
     281
     309
     310
     290
     311
     264
     278
     314
     294
     266
     314
     265
     276
     315
     283
     274
     325
     338
     371
     428
     438
     435
     372
     332
     292
     279
     254
     252
     260
     263
     271
     268
     270
     260
     283
     288
     277
     297
     270
     248
     274
     258
     240
     276
     277
     268
     249
     277
     279
     287
     249
     283
     310
     354
     356
     479
     608
     628
     622
     477
     365
     319
     301
     239
     261
     261
     237
     238
     233
     231
     269
     251
     238
     277
     254
     263
     248
     244
     229
     251
     276
     258
     244
     234
     267
     275
     246
     262
     237
     239
     249
     251
     252
     250
     244
     271
     229
     253
     241
     245
     231
     223
     215
     226
     221
     244
     252
     235
     207
     250
     233
     237
     226
     238
     233
     217
     242
     232
     234
     222
     188
     241
     259
     227
     244
     230
     251
     244
     220
     225
     213
     234
     241
     200
     231
     200
     210
     215
     219
     251
     208
     234
     234
     219
     241
     203
     209
     194
     251
     234
     207
     227
     220
     230
     227
     217
     199
     252
     198
     235
     210
     218
     217
     234
     220
     228
     190
     246
     218
     221
     222
     244
     237
     206
     227
     244
     211
     217
     244
     218
     205
     223
     234
     211
     257
     211
     214
     228
     208
     194
     228
     223
     232
     195
     225
     233
     237
     235
     216
     195
     217
     254
     207
     200
     201
     212
     205
     203
     208
     204
     199
     207
     210
     208
     224
     244
     240
     225
     218
     230
     211
     192
     189
     231
     229
     223
     181
     189
     216
     186
     187
     206
     206
     196
     213
     214
     194
     187
     193
     173
     198
     211
     215
     191
     184
     202
     200
     210
     195
     196
     186
     212
     204
     225
     207
     166
     207
     188
     196
     185
     193
     188
     191
     203
     211
     197
     195
     178
     203
     183
     200
     213
     191
     198
     188
     185
     203
     208
     203
     178
     180
     194
     197
     174
     180
     179
     177
     202
     200
     184
     175
     182
     213
     194
     176
     187
     202
     207
     194
     192
     212
     189
     201
     182
     191
     186
     203
     208
     160
     171
     177
     207
     204
     187
     180
     200
     172
     195
     171
     198
     206
     186
     223
     198
     196
     213
     190
     199
     191
     180
     189
     189
     174
     176
     177
     193
     188
     184
     201
     183
     173
     177
     177
     219
     190
     170
     186
     181
     196
     191
     177
     182
     201
     185
     159
     176
     162
     213
     226
     210
     211
     246
     234
     216
     211
     186
     177
     178
     187
     156
     178
     182
     217
     200
     161
     180
     173
     203
     187
     174
     170
     174
     165
     167
     190
     214
     185
     169
     178
     186
     142
     193
     197
     172
     186
     140
     161
     167
     176
     171
     180
     176
     174
     167
     152
     197
     195
     175
     199
     177
     176
     184
     160
     170
     179
     164
     190
     173
     179
     179
     162
     160
     203
     174
     152
     184
     159
     161
     151
     158
     186
     171
     169
     177
     163
     167
     151
     187
     166
     172
     169
     156
     206
     159
     165
     160
     198
     172
     172
     178
     167
     183
     163
     171
     171
     177
     147
     187
     169
     157
     179
     152
     161
     153
     141
     188
     163
     150
     161
     145
     180
     181
     157
     183
     178
     176
     170
     173
     177
     180
     185
     188
     233
     249
     280
     298
     408
     544
     674
     864
    1000
    1243
    1324
    1305
    1181
     976
     772
     632
     484
     369
     275
     240
     219
     181
     170
     148
     156
     178
     146
     137
     171
     160
     168
     154
     156
     140
     164
     158
     163
     158
     144
     160
     150
     141
     143
     152
     152
     168
     142
     160
     152
     157
     144
     155
     159
     157
     139
     133
     156
     158
     156
     147
     157
     150
     164
     144
     166
     164
     142
     137
     135
     144
     135
     168
     158
     167
     146
     125
     145
     149
     139
     146
     150
     145
     136
     142
     151
     147
     165
     139
     126
     170
     139
     161
     150
     127
     151
     141
     145
     148
     130
     168
     137
     143
     147
     151
     158
     151
     143
     160
     141
     144
     141
     133
     152
     147
     141
     149
     141
     160
     141
     141
     152
     121
     140
     136
     149
     140
     150
     125
     138
     147
     134
     132
     127
     140
     146
     149
     125
     131
     135
     137
     136
     135
     143
     122
     154
     140
     136
     133
     151
     161
     146
     140
     163
     142
     157
     155
     140
     139
     131
     138
     127
     137
     139
     138
     150
     150
     132
     139
     150
     140
     129
     182
     144
     138
     140
     176
     139
     127
     126
     126
     150
     142
     140
     136
     143
     126
     138
     133
     130
     140
     114
     117
     136
     119
     149
     147
     133
     150
     157
     147
     135
     131
     157
     171
     208
     267
     332
     418
     445
     424
     322
     242
     182
     174
     140
     125
     140
     127
     137
     136
     147
     149
     134
     143
     154
     134
     122
     135
     115
     153
     140
     137
     121
     137
     128
     120
     144
     124
     124
     124
     140
     132
     141
     151
     119
     143
     134
     138
     122
     152
     148
     155
     121
     126
     136
     141
     139
     146
     134
     120
     140
     121
     138
     139
     137
     127
     160
     132
     137
     118
     148
     135
     134
     136
     161
     182
     255
     333
     394
     454
     536
     429
     338
     227
     164
     124
     149
     118
     119
     149
     129
     125
     128
     126
     120
     122
     132
     133
     122
     130
     141
     131
     125
     114
     141
     161
     114
     131
     123
     136
     147
     128
     129
     119
     128
     136
     109
     127
     123
     116
     130
     108
     143
     144
     128
     107
     137
     130
     123
     133
     111
     125
     116
     114
     122
     142
     106
     110
      93
     129
     127
     111
     141
     115
     137
     124
     115
     146
     124
     117
     149
     143
     132
     130
     142
     130
     107
     116
     125
     126
     148
     122
     128
     134
     130
     119
     125
     129
     112
     127
     111
     116
     114
     113
     111
      95
     111
     129
     106
     119
     121
     128
     128
     115
     123
     132
     153
     132
     123
     107
     128
     130
     124
     116
     116
     120
     123
     129
     112
     132
     115
     124
      98
     134
     136
     125
     134
     112
     116
     105
     116
     138
     121
     117
     127
     128
     130
     125
     144
     132
     146
     154
     152
     160
     171
     164
     143
     119
     133
     124
     141
     132
     132
     143
     122
     130
     107
     122
     130
     138
     126
     103
     122
     121
      81
     113
     109
     129
     136
     119
     135
     120
     118
     137
     127
     108
     120
     128
     117
     137
     109
     118
     121
     116
     116
     124
     114
     112
     113
     104
     126
     104
     102
     119
     116
     128
      98
     118
     106
     120
      94
     111
     108
     120
     126
     117
      99
     119
     115
     120
     120
     104
     112
     131
     125
     111
     110
      96
     116
     111
     112
      98
     124
     101
     100
     117
     142
     121
     115
     122
     100
      97
     117
     111
     118
     117
     113
     114
     113
     114
     114
     128
     112
     121
     109
     108
     121
     119
     115
      99
     113
      97
     116
      92
     114
     121
     119
     133
     112
     100
     102
     117
     101
     115
     106
     112
     109
     125
     111
     130
     115
     119
      98
     100
     114
     111
     119
     122
     120
     117
     108
     105
     109
     107
     105
     102
     109
      97
     103
     124
     120
     111
     113
     105
     105
     112
     115
      96
      99
     108
     106
     110
     108
     112
     115
     102
      99
      98
     104
     107
      93
     109
      99
     103
     111
     108
     111
     110
      90
     126
     169
     148
     189
     171
     156
     140
     147
     110
     103
     108
      91
     102
      99
     102
      95
      97
      97
     109
     111
      91
      96
     107
      96
      99
     114
     103
     115
      98
     128
     115
     117
     120
     107
     110
     102
     105
     113
     111
     122
      88
      99
     101
     103
     109
     121
     110
     105
     108
     120
     108
     108
     103
     118
     100
     103
     111
      90
     104
     118
      92
     115
      96
      98
     106
     100
     114
     110
      88
     100
      94
     103
      96
     114
     116
     110
     106
      96
     103
     109
     115
     117
     122
     111
     121
      96
     110
      96
     108
     104
      91
      96
     104
     109
      94
     102
      94
      98
     110
      89
      92
     113
     104
      96
      86
      73
     106
     111
     104
     140
     134
     135
     128
     150
     141
     147
     135
     119
     112
     107
     116
     113
      87
     106
      96
     109
      99
     117
     103
      96
      94
      88
      84
      97
     103
      86
      80
     103
      92
      88
      91
     113
     101
      94
      85
      90
     102
      99
      91
      93
      96
      89
     104
      84
      97
      94
      95
     103
      82
     120
      91
     105
     108
     123
     113
     116
     118
      88
     121
      96
     141
     126
     150
     130
     146
     107
     105
      98
      84
     106
      85
      97
     101
      87
     100
     109
     114
     134
     122
     143
     119
     125
     122
     112
      79
      97
      94
      94
      89
      76
      78
     110
      97
      94
      99
      91
      95
      70
     114
     105
     105
     103
     114
     103
      99
      92
      86
      90
      87
     117
      99
      94
      82
      95
      99
      89
      94
      95
      86
      82
     101
      83
      92
      98
      90
      65
      75
      93
     118
      80
      85
      83
      94
      71
      97
      84
      86
      93
      80
     108
     101
      89
      77
      89
      82
      82
      95
      82
      96
      85
     101
      81
      81
      93
      68
      83
      96
     114
      96
      82
      87
      96
      99
      99
      68
     103
      92
     101
     115
      89
      89
      94
      94
      99
     114
      97
     104
     108
     107
      98
      95
     101
     111
      92
      93
      95
      84
     100
     103
     101
      99
     101
      94
      80
     106
     100
      84
      93
     108
      98
      83
      94
      75
     112
      97
      89
     100
      78
      88
      92
      93
      90
      84
      99
      72
      93
      91
     108
     106
      95
      84
      92
      80
      72
      81
      92
      93
      85
      89
      99
      87
      79
     101
      82
      99
      85
      88
      91
      76
      93
      97
      80
      86
      93
      84
      86
      79
      87
      74
      79
      64
      99
      88
      98
      91
      87
     109
     133
     100
     128
     106
     121
      93
      92
      89
      76
      91
      83
      86
      89
      77
      73
      78
      79
      62
      94
      84
      94
     100
      82
      81
     103
      78
      69
      76
      89
      69
      71
      87
      76
      66
      81
      78
      86
      75
      80
      77
      73
      75
      71
      66
      90
      87
      79
      87
      77
      84
      92
      78
      90
      65
      95
     101
      95
      78
      93
      82
      82
      65
      91
      86
      84
      87
      86
     100
      91
     108
      78
      91
      66
      66
      82
      83
      79
      79
      78
      84
      88
      94
      88
      70
      78
      81
      68
      82
      69
      63
     108
      89
      98
      75
      76
      80
      89
      75
      90
      79
      94
      66
      85
      75
      79
      83
      72
     102
      84
      63
      81
      85
      84
      78
      80
      84
      84
      93
      89
      77
      86
      95
      89
     104
      91
      77
     101
      69
      76
      69
      70
      81
      89
      95
      98
     116
     131
     179
     254
     302
     289
     303
     262
     187
     147
     117
      86
      90
      87
      82
      81
      79
      83
      76
      83
      96
      82
      75
      76
      77
      67
      55
      79
      59
      72
      64
      82
      82
      73
      70
      93
      73
      81
      87
      93
      85
      76
      76
      86
      81
      79
      74
      77
      74
      75
      62
      72
      78
      73
      97
      77
      87
      87
      92
      76
      76
      79
      74
      77
      70
      90
     107
      93
     112
      70
      89
     100
      70
      89
      82
      67
      63
      70
      88
      82
      78
      63
      85
      79
      79
      84
      84
      76
      65
      75
      86
      66
      88
      66
      77
      99
      78
      75
      71
      94
      78
      90
      74
      75
      80
      84
      79
      82
      78
      78
      66
     101
      81
      82
      67
      96
      86
      69
      75
      59
      80
      65
      81
      63
      70
      83
      89
      72
      74
      79
      75
      77
      69
      62
      79
      67
      89
      74
      70
      64
      78
      85
      69
      77
      72
      82
      93
      91
     105
      95
     112
     115
     124
     102
     106
     106
      97
      84
      91
      99
     123
     160
     224
     234
     228
     181
     156
     127
      78
      84
      76
      76
      66
      96
      81
      85
      74
      64
      62
      68
      66
      80
      63
      59
      63
      70
      65
      59
      68
      82
      75
      83
      73
      62
      52
      53
      78
      71
      65
      68
      65
      73
      78
      66
      70
      72
      72
      79
      79
      65
      70
      64
      71
      79
      90
      77
      65
      81
      59
      77
      69
      78
      65
      80
      79
      68
      77
      74
      89
      73
      62
      75
      61
      68
      69
      55
      76
      77
      67
      76
      69
      57
      57
      78
      62
      79
      86
      77
      95
     121
     160
     153
     132
     132
     108
      80
      85
      80
      81
      73
      73
      69
      80
      69
      71
      74
      73
      63
      74
      61
      64
      66
      59
      63
      76
      69
      78
      71
      63
      74
      84
      65
      69
      80
      63
      60
      81
      72
      61
      73
      74
      71
      74
      50
      69
      75
      57
      75
      73
      74
      70
      80
      64
      89
      67
      54
      79
      61
      92
      78
      97
      74
      54
      62
      67
      95
      71
      72
      69
      68
      71
      90
      65
      74
      57
      77
      68
      82
      66
      72
      73
      92
      71
      64
      58
      51
      69
      82
      60
      50
      74
      57
      66
      60
      59
      64
      59
      58
      66
      57
      61
      71
      66
      70
      75
      71
      76
      75
      62
      66
      77
      78
      65
      64
      78
      64
      67
      79
      73
      75
      74
      82
      58
      55
      68
      73
      76
      72
      58
      59
      66
      59
      75
      69
      70
      72
      64
      72
      61
      73
      61
      79
      59
      79
      77
      75
      67
      59
      72
      66
      59
      58
      63
      63
      53
      64
      71
      73
      60
      68
      70
      71
      72
      82
      82
      56
      63
      55
      82
      62
      65
      58
      71
      71
      79
      73
      73
      80
      60
      73
      70
      64
      73
      57
      73
      73
      72
      77
      67
      67
      67
      74
      87
      62
      67
      71
      55
      52
      68
      85
      73
      54
      66
      76
      49
      55
      56
      75
      60
      55
      68
      77
      62
      64
      71
      53
      60
      73
      75
      64
      58
      59
      74
      66
      67
      68
      57
      61
      45
      80
      55
      59
      62
      74
      74
      67
      65
      71
      59
      68
      71
      77
      63
      60
      58
      60
      76
      79
      68
      54
      66
      51
      65
      76
      55
      55
      81
      73
      63
      57
      61
      49
      60
      71
      61
      69
      66
      64
      72
      64
      59
      69
      69
      76
      65
      56
      53
      72
      67
      71
      63
      61
      64
      59
      49
      68
      83
      51
      62
      63
      68
      62
      71
      64
      73
      74
      69
      69
      72
      57
      76
      64
      61
      74
      67
      79
      62
      65
      61
      55
      64
      70
      64
      75
      72
      68
      54
      56
      77
      55
      70
      69
      84
     100
      99
     109
     147
     157
     190
     176
     143
     137
      90
      61
      62
      62
      65
      66
      62
      54
      66
      72
      55
      70
      65
      52
      75
      58
      52
      60
      55
      59
      65
      70
      72
      62
      63
      68
      62
      58
      67
      66
      69
      70
      64
      58
      63
      66
      64
      47
      58
      44
      60
      50
      54
      58
      54
      67
      54
      70
      65
      40
      61
      56
      66
      69
      63
      56
      54
      65
      60
      72
      73
      62
      54
      68
      59
      71
      61
      66
      61
      58
      50
      52
      50
      63
      62
      84
      77
      74
      47
      64
      51
      68
      57
      70
      51
      59
      54
      73
      67
      73
      69
      72
      73
      61
      63
      82
      62
      62
      61
      66
      57
      63
      55
      61
      82
      71
      43
      72
      60
      59
      56
      54
      48
      61
      71
      69
      67
      52
      71
      68
      52
      77
      66
      63
      56
      53
      68
      52
      57
      60
      52
      54
      70
      67
      63
      59
      67
      74
      78
      85
      74
      85
     102
      82
      78
      71
      53
      62
      56
      52
      47
      50
      69
      68
      60
      63
      78
      61
      44
      59
      58
      68
      51
      69
      60
      52
      71
      52
      55
      49
      52
      53
      62
      52
      54
      64
      73
      54
      51
      68
      53
      62
      63
      49
      49
      47
      64
      58
      57
      68
      72
      56
      45
      63
      60
      60
      69
      68
      49
      65
      73
      52
      75
      59
      62
      51
      48
      61
      59
      57
      52
      71
      62
      62
      60
      60
      69
      59
      45
      60
      64
      62
      56
      59
      56
      59
      59
      63
      71
      60
      59
      65
      61
      60
      50
      65
      58
      57
      47
      71
      60
      53
      69
      55
      63
      65
      69
      76
      57
      50
      64
      58
      63
      54
      61
      68
      55
      60
      62
      57
      62
      62
      59
      67
      59
      64
      60
      69
      53
      68
      68
      51
      54
      64
      76
      59
      59
      68
      66
      53
      49
      63
      67
      54
      52
      70
      70
      64
      61
      48
      57
      61
      61
      55
      68
      65
      48
      58
      54
      59
      72
      74
      70
      58
      67
      58
      64
      61
      46
      50
      64
      70
      53
      74
      70
      77
      93
     101
      91
     108
      85
      92
      72
      64
      62
      57
      48
      57
      61
      55
      54
      45
      48
      55
      68
      54
      61
      58
      47
      47
      53
      49
      53
      56
      55
      59
      65
      42
      44
      46
      55
      43
      56
      45
      49
      48
      49
      70
      57
      49
      65
      65
      64
      57
      62
      44
      66
      55
      46
      45
      50
      46
      45
      56
      47
      45
      41
      49
      40
      48
      43
      44
      45
      58
      53
      57
      50
      55
      55
      59
      50
      38
      57
      41
      51
      55
      67
      49
      46
      53
      46
      47
      49
      54
      48
      47
      39
      59
      40
      54
      46
      53
      57
      44
      54
      48
      51
      55
      55
      56
      54
      57
      56
      31
      45
      52
      58
      48
      40
      45
      42
      40
      50
      64
      65
      56
      68
      53
      46
      61
      60
      45
      46
      60
      56
      41
      54
      42
      37
      42
      50
      44
      49
      51
      59
      47
      53
      45
      46
      54
      49
      64
      47
      48
      51
      47
      53
      42
      38
      51
      51
      57
      46
      48
      51
      42
      53
      42
      49
      52
      55
      35
      46
      59
      53
      38
      41
      44
      38
      52
      40
      49
      33
      50
      46
      56
      42
      49
      38
      47
      40
      57
      45
      46
      51
      51
      47
      48
      49
      46
      45
      49
      49
      39
      42
      61
      33
      36
      41
      42
      53
      56
      45
      38
      41
      56
      45
      38
      33
      56
      37
      38
      55
      37
      46
      43
      41
      51
      41
      41
      44
      40
      33
      44
      47
      38
      50
      52
      40
      44
      41
      41
      40
      51
      37
      46
      55
      46
      37
      43
      43
      41
      47
      44
      53
      46
      51
      43
      48
      44
      48
      43
      43
      43
      58
      77
      73
      76
      56
      66
      63
      50
      47
      50
      47
      47
      48
      65
      53
      37
      48
      41
      52
      45
      45
      42
      44
      44
      42
      58
      35
      58
      44
      53
      41
      45
      47
      34
      38
      41
      40
      57
      43
      36
      31
      50
      53
      36
      39
      52
      45
      37
      26
      37
      40
      37
      42
      42
      57
      30
      47
      47
      40
      45
      52
      37
      37
      38
      39
      40
      41
      41
      39
      44
      36
      36
      39
      40
      46
      44
      36
      39
      35
      23
      51
      35
      23
      46
      43
      43
      30
      37
      43
      38
      55
      36
      40
      36
      40
      40
      40
      41
      52
      36
      40
      46
      36
      38
      43
      56
      34
      47
      40
      36
      42
      48
      43
      45
      27
      31
      38
      44
      41
      52
      52
      44
      49
      58
      72
      86
      75
      64
      69
      62
      70
      50
      35
      35
      43
      32
      40
      40
      39
      42
      41
      39
      33
      37
      46
      41
      49
      47
      36
      39
      45
      30
      49
      43
      42
      32
      36
      38
      22
      38
      41
      40
      37
      53
      38
      39
      39
      36
      38
      44
      32
      46
      37
      40
      41
      34
      44
      48
      35
      34
      49
      34
      36
      34
      41
      45
      41
      40
      50
      54
      45
      46
      42
      50
      54
      41
      31
      32
      31
      43
      45
      31
      36
      32
      56
      52
      48
      50
      53
      66
      67
      51
      50
      51
      53
      46
      41
      38
      35
      32
      36
      32
      35
      35
      36
      33
      29
      42
      30
      40
      42
      33
      51
      37
      35
      34
      38
      44
      39
      34
      39
      36
      37
      44
      32
      24
      49
      36
      37
      38
      32
      46
      36
      30
      37
      38
      30
      41
      29
      42
      40
      34
      34
      47
      38
      37
      47
      39
      31
      34
      36
      36
      33
      31
      41
      30
      48
      38
      30
      40
      39
      52
      57
      62
      87
      85
      88
      72
      72
      77
      55
      37
      43
      34
      25
      40
      57
      36
      45
      39
      39
      34
      29
      36
      39
      42
      36
      19
      22
      34
      46
      41
      34
      22
      31
      41
      36
      28
      32
      43
      31
      42
      46
      30
      36
      34
      38
      35
      34
      43
      47
      45
      40
      38
      58
      40
      32
      37
      30
      40
      38
      39
      40
      42
      31
      46
      50
      91
     105
     181
     246
     454
     582
     725
     795
     856
     721
     546
     361
     226
     130
      67
      37
      42
      46
      30
      33
      30
      27
      27
      32
      25
      30
      34
      34
      28
      24
      36
      30
      35
      26
      22
      39
      23
      34
      23
      23
      26
      39
      26
      35
      32
      41
      31
      27
      44
      37
      36
      37
      29
      32
      35
      32
      45
      30
      35
      36
      31
      25
      30
      24
      39
      38
      29
      25
      29
      39
      44
      36
      30
      27
      35
      36
      35
      29
      32
      25
      34
      32
      31
      31
      30
      30
      32
      37
      42
      30
      28
      24
      26
      25
      33
      23
      32
      22
      30
      28
      34
      46
      40
      36
      36
      47
      32
      30
      33
      29
      26
      41
      32
      41
      38
      35
      27
      29
      32
      48
      27
      31
      31
      43
      41
      28
      19
      39
      42
      28
      26
      32
      39
      35
      33
      30
      48
      44
      44
      59
      61
      60
      55
      48
      45
      36
      33
      37
      34
      41
      32
      34
      24
      35
      28
      39
      23
      33
      28
      24
      40
      24
      21
      35
      40
      21
      34
      26
      28
      40
      33
      26
      35
      20
      31
      27
      27
      36
      32
      22
      27
      30
      28
      42
      40
      22
      33
      33
      28
      30
      19
      29
      35
      28
      29
      26
      36
      23
      34
      25
      29
      36
      23
      20
      28
      30
      31
      31
      27
      22
      28
      27
      18
      43
      31
      31
      44
      27
      33
      40
      33
      29
      38
      32
      34
      29
      38
      34
      25
      24
      37
      38
      29
      33
      29
      30
      39
      29
      27
      31
      29
      31
      32
      29
      25
      27
      17
      28
      20
      27
      28
      21
      27
      31
      32
      33
      35
      28
      25
      34
      27
      40
      24
      24
      28
      27
      32
      37
      24
      25
      29
      27
      31
      21
      28
      21
      32
      33
      26
      18
      43
      33
      32
      35
      30
      29
      35
      26
      30
      29
      23
      25
      29
      34
      32
      19
      24
      34
      26
      21
      20
      30
      30
      25
      38
      30
      20
      30
      18
      30
      37
      30
      25
      30
      27
      32
      30
      26
      31
      26
      30
      34
      29
      24
      31
      34
      24
      22
      28
      36
      34
      32
      39
      43
      33
      35
      26
      31
      23
      34
      27
      31
      42
      44
      28
      43
      31
      30
      29
      22
      35
      32
      46
      36
      52
      52
      60
      44
      53
      43
      39
      31
      31
      32
      38
      42
      48
      54
      55
      45
      42
      55
      40
      43
      30
      32
      29
      28
      30
      19
      26
      22
      24
      23
      31
      27
      31
      25
      25
      25
      27
      16
      21
      32
      29
      28
      21
      15
      27
      34
      16
      28
      29
      27
      29
      31
      23
      27
      28
      25
      29
      17
      32
      27
      25
      20
      25
      30
      35
      24
      25
      25
      22
      20
      22
      24
      29
      19
      32
      32
      24
      26
      26
      35
      28
      20
      18
      26
      28
      29
      29
      29
      28
      53
      38
      50
      50
      33
      46
      33
      30
      29
      34
      28
      28
      26
      32
      32
      24
      32
      25
      23
      24
      31
      26
      35
      33
      29
      33
      34
      24
      34
      37
      37
      38
      37
      31
      24
      21
      27
      31
      28
      21
      25
      22
      26
      28
      20
      31
      22
      30
      31
      27
      32
      18
      36
      26
      18
      30
      21
      23
      24
      31
      25
      30
      27
      27
      21
      24
      22
      18
      27
      22
      25
      26
      38
      28
      20
      21
      20
      16
      19
      27
      27
      19
      25
      30
      19
      29
      21
      27
      20
      19
      35
      34
      37
      27
      27
      28
      22
      20
      30
      26
      24
      13
      31
      21
      22
      30
      29
      26
      25
      17
      20
      25
      31
      28
      31
      27
      34
      25
      36
      16
      31
      21
      28
      20
      20
      29
      16
      26
      16
      25
      24
      26
      18
      26
      29
      31
      22
      23
      28
      26
      21
      33
      18
      27
      24
      19
      25
      22
      31
      22
      14
      30
      25
      22
      20
      23
      31
      30
      28
      20
      25
      28
      28
      20
      21
      19
      29
      24
      30
      31
      21
      22
      28
      24
      24
      14
      16
      32
      27
      26
      23
      28
      30
      20
      21
      18
      25
      26
      22
      23
      26
      23
      27
      24
      24
      25
      30
      19
      30
      31
      18
      30
      22
      26
      27
      27
      28
      25
      29
      21
      26
      25
      33
      16
      21
      21
      24
      20
      18
      19
      24
      19
      24
      19
      15
      21
      26
      21
      20
      32
      24
      21
      27
      18
      21
      20
      29
      20
      26
      18
      24
      20
      13
      23
      30
      21
      23
      26
      20
      24
      18
      19
      29
      26
      20
      31
      25
      21
      24
      27
      20
      25
      18
      17
      22
      14
      19
      23
      17
      27
      14
      26
      24
      26
      13
      27
      27
      24
      22
      20
      21
      24
      17
      21
      21
      23
      25
      16
      25
      24
      25
      24
      23
      20
      24
      25
      31
      35
      40
      50
      53
      55
      56
      35
      40
      34
      23
      33
      17
      19
      28
      28
      21
      18
      16
      26
      23
      19
      23
      25
      25
      25
      27
      26
      23
      17
      15
      16
      19
      17
      19
      20
      21
      22
      22
      17
      25
      30
      28
      22
      23
      21
      25
      13
      21
      27
      25
      27
      27
      23
      20
      22
      16
      10
      23
      22
      26
      29
      28
      18
      25
      16
      19
      21
      21
      21
      18
      28
      26
      28
      30
      21
      28
      23
      23
      28
      23
      25
      18
      28
      24
      17
      20
      25
      26
      23
      30
      27
      33
      38
      53
      59
      76
     107
     118
     176
     167
     188
     145
     122
      90
      57
      39
      21
      31
      28
      19
      10
      20
      18
      19
      19
      19
      13
      24
      23
      21
      18
      15
      13
      19
      22
      26
      12
      17
      14
      24
      28
      15
      20
      30
      21
      22
      14
      22
      15
      22
      24
      22
      16
      29
      13
      29
      17
      27
      17
      24
      17
      26
      23
      27
      21
      27
      14
      14
      21
      14
      18
      22
      22
      20
      17
      18
      20
      27
      17
      18
      19
      18
      23
      11
      15
      21
      23
      12
      21
      17
      16
      15
      25
      22
      24
      19
      22
      19
      18
      27
      22
      17
      17
      22
      23
      22
      16
      19
      16
      19
      21
      28
      18
      27
      36
      20
      33
      23
      29
      17
      17
      14
      19
      30
      23
      13
      20
      17
      20
      17
      24
      18
      23
      30
      11
      18
      18
      17
      14
      18
      28
      11
      21
      26
      20
      22
      17
      21
      15
      18
      20
      21
      18
      19
      19
      16
      13
      24
      14
      22
      25
      15
      18
      19
      17
      11
      22
      17
      18
      14
      22
      21
      15
      21
      16
      19
      18
      27
      17
      17
      25
      22
      22
      23
      12
      22
      24
      18
      21
      25
      20
      19
      15
      24
      22
      21
      24
      23
      34
      14
      28
      20
      23
      16
      20
      20
      17
      18
      18
      27
      32
      23
      23
      17
      20
      22
      14
      16
      18
      19
      22
      18
      31
      15
      26
      19
      12
      23
      20
      14
      23
      22
      18
      21
      29
      41
      31
      39
      36
      38
      31
      28
      24
      24
      20
      23
      19
      20
      27
      26
      19
      16
      18
      23
      19
      19
      18
      18
      32
      22
      17
      16
      31
      18
      17
      22
      15
      17
      11
      22
      26
      29
      22
      22
      31
      28
      19
      16
      18
      20
      15
      35
      21
      15
      19
      19
      20
      15
      30
      14
      15
      21
      22
      19
      15
      17
      17
      24
      14
      21
      29
      21
      27
      24
      26
      26
      27
      18
      25
      30
      23
      19
      21
      20
      23
      16
      27
      15
      22
      16
      16
      22
      21
      19
      22
      18
      13
      20
      16
      16
      21
      15
      31
      26
      15
      21
      19
      16
      20
      17
      16
      18
      13
      21
      19
      21
      19
      29
      25
      23
      13
      20
      12
      17
      16
      19
      19
      15
      27
      24
      20
      17
      26
      11
      17
      19
      21
      21
      22
      33
      17
      24
      16
      21
      18
      22
      16
      14
      18
      20
      16
      20
      18
      22
      20
      15
      21
      19
      19
      15
      15
      13
      21
      15
      14
      15
      14
      29
      26
      22
      19
      13
      24
      16
      15
      28
      23
      18
      17
      21
      14
      19
      17
      17
      26
      14
      26
      19
      16
      19
      24
      12
      24
      16
      18
      16
      18
      17
      18
      16
      20
      27
      16
      16
      13
      19
      20
      19
      20
      19
      17
      18
      23
      24
      16
      14
      25
      27
      16
      21
      18
      11
      13
      14
      16
      13
      15
      14
      18
      18
      21
      28
      20
      20
      22
      20
      23
      18
      20
      15
      19
      26
      27
      20
      29
      23
      21
      22
      19
      21
      23
      13
      18
      14
      20
      22
      15
      12
      16
      21
      16
      17
      14
      12
      15
      23
      16
      20
      25
      21
      21
      19
      13
      18
      18
      17
      15
      24
      15
      13
      19
      17
      16
      13
      25
      19
       9
      21
      15
      13
      18
      14
      23
      15
      16
      22
      24
      15
      24
      21
      16
      19
      20
      17
      23
      22
      16
      12
      10
      19
      13
      18
      12
      16
      22
      15
      25
      17
      25
      11
      17
      19
      25
      21
      23
      21
      14
      11
      15
      11
      18
      15
      19
      20
      20
      20
      15
      21
      16
      15
      15
      16
      16
      15
      14
      20
      12
      18
      23
      14
      19
      15
      19
      21
      19
      12
      14
      21
      16
      28
      25
      13
      18
      13
      10
      20
      22
      12
      18
      22
      17
      20
      13
      25
      16
      11
      14
      17
      11
      18
      24
      15
       9
      14
      21
      20
      22
      29
      14
      19
       8
      15
      18
      19
      12
      16
      11
      24
      22
      24
      15
      19
      27
       9
      14
      16
      19
      23
      19
      24
      17
      22
      21
      21
      15
      11
      12
      19
      20
      19
      18
      21
      16
      16
      10
      25
      16
      15
      17
      17
      17
      20
      18
      22
      19
      18
      18
      17
      18
      20
      19
      17
      11
      13
      14
      21
      16
      13
      12
      18
      18
      18
      22
      14
      19
      15
      19
      19
      29
      14
      23
      14
      15
      18
      15
      18
      13
      22
      13
      22
      22
      15
      18
      19
      14
      25
      22
      15
      24
      18
      11
      20
      22
      12
      21
      14
      16
      20
      18
      13
      11
      11
      19
      15
      17
      25
      20
      19
      20
      27
      11
      20
      19
      17
      21
      15
      19
      21
      15
      18
      20
      15
      12
      14
      13
      17
      16
      11
      16
      19
       7
      18
      16
      17
      13
      26
      12
      20
      15
      23
      18
      15
      12
      24
      17
      11
      12
      20
      15
      16
      17
      22
      10
       8
      18
      18
      22
      17
      12
       8
      22
      20
      14
      16
      16
      15
      14
      21
      10
      12
      19
      23
      18
      13
      17
      17
      23
      13
      15
      15
      12
      14
      17
      19
      24
      16
       7
      23
       6
      18
      16
      20
      22
      13
       6
      19
      15
      18
      22
      17
      21
      15
      13
      19
       9
      14
      10
      15
      13
      22
      22
      11
      15
      13
      20
      14
      15
      17
      21
      17
      23
      10
      15
      13
      15
      15
      21
      12
      13
      20
      12
      11
      22
      21
      20
      12
      22
      19
      13
      15
      15
      14
      15
      21
       9
      17
      28
      11
       7
      21
      15
      19
      18
      17
      17
      17
      13
      15
      18
      25
      12
      12
      13
      12
      14
      18
      13
      15
      14
      19
      14
      15
      19
      15
      18
      13
      14
      15
      18
      19
       8
      11
      20
      17
      14
      19
      26
      24
      18
      18
      17
      22
      24
      15
       8
      21
      13
      19
      21
      14
       9
      15
      19
      19
       9
       8
      14
      18
      23
      26
      32
      23
      25
      30
      31
      32
      42
      46
      41
      45
      41
      45
      38
      21
      24
      23
      16
      25
      17
      23
      13
      22
      25
      14
      14
       8
      17
       6
      15
      22
      12
      20
      14
      15
      15
      10
      24
      21
      15
       9
      13
      19
      17
      21
      20
      23
      20
      26
      29
      38
      27
      19
      21
      22
      18
      23
      19
      16
      14
      15
      16
      12
      14
      13
      11
      17
      14
      16
      11
       8
       7
      20
      11
      13
      14
      19
      19
      10
      12
      17
      14
      14
      11
      11
      10
      11
      14
       8
      18
       8
      15
      17
      17
      18
      17
      12
      20
      22
      11
      17
      14
      15
      16
      24
      11
      17
      15
      12
      17
      10
      19
      22
      11
      17
      10
      11
      13
      11
      16
      13
      13
      19
       7
      19
      14
      19
      16
      17
      11
      18
      20
      10
      12
      13
      18
       8
      16
      18
      12
      14
       6
      16
      15
      24
       9
      14
      15
      13
      11
      19
      18
      13
      13
      16
      17
      17
      17
       6
      15
      13
      18
      19
      16
      23
      16
      15
      11
      14
      18
      13
      12
      25
      12
       9
       9
      16
      24
      17
      17
      16
      18
       9
      16
      15
      20
      17
      13
      10
      15
      10
      20
      16
      15
      14
      20
      18
      15
      20
      20
      12
      16
      12
      12
      12
      10
      18
      13
      17
      15
      14
      13
      13
      14
      20
      12
      18
      20
      11
       9
      13
      15
      17
       8
      15
      12
      16
      11
      15
      13
      17
      16
      15
      19
      20
      17
      18
       8
       9
      10
      11
      19
      20
      20
      12
      18
      16
      18
      13
      18
      16
      14
      19
      16
      22
      16
      13
      17
      14
      14
      17
      10
      14
      15
      19
      14
      15
      11
      17
      14
      12
      16
      15
      19
      24
      14
      23
      19
      22
      35
      35
      37
      55
      62
      66
      50
      48
      45
      45
      28
      24
      12
      17
      18
      19
      13
      12
      17
       7
      12
      16
      20
      15
      18
      16
      12
      17
      16
      16
      20
      10
      15
       8
      14
      12
      14
      20
      19
      12
      12
      13
      23
      19
      19
      16
      11
      14
      17
      17
      14
      14
      11
      13
       9
       9
      19
      16
      16
      15
      15
      19
      14
      16
      12
      20
      15
      11
      14
      12
      14
      21
      16
      21
      18
      10
      12
      17
      23
      13
       9
      12
      21
      15
      22
      18
      22
       8
      19
      16
      12
      16
      13
      21
      15
      15
      15
      17
      22
      16
      18
      20
      13
      18
      12
      13
      17
       9
      19
      19
      17
      12
       9
      12
      15
      14
      22
      16
      12
      15
      10
      12
      15
      17
      17
      17
      11
      19
      14
      15
      14
      19
      14
       9
      14
       8
      11
      19
       9
      11
      14
       6
      17
      20
      16
      10
      11
      20
      10
      16
       8
      11
      17
      20
      20
       9
      15
      20
      15
      15
      14
      12
      19
      14
      13
      15
      14
      18
      22
      19
      13
      15
      14
      18
      14
      13
      10
      13
      17
      21
      15
      20
      16
      15
      18
      13
      27
      16
      14
      14
      13
      10
      12
      14
      19
      16
      23
      11
      15
      11
      12
      12
      18
      12
       7
      19
      18
       6
      25
      18
      14
      12
      18
      16
      11
      17
      13
      14
      19
      14
      16
      10
      10
      19
       9
      10
      18
      12
      12
      16
      15
      13
      14
      16
      13
      12
      18
      20
      13
      23
      13
      13
      14
      18
      11
      10
      11
      25
      21
      21
      21
      16
      19
      19
      14
      12
      12
      13
      19
      17
      13
      13
      14
      25
      13
      16
      18
      17
      15
      12
      13
      13
      13
      13
      14
      11
      19
      16
      18
      14
      16
      17
      13
      14
      14
      16
      19
      13
      10
      11
      13
      10
      12
      18
      12
      17
      10
       9
      23
      18
      19
      10
      14
      17
       8
      18
      23
      16
      12
      13
      19
      13
      10
      19
      18
      12
      14
      16
      13
      15
      13
       9
       8
      11
      25
      17
      14
      18
      12
      13
      18
      16
      18
      17
      19
      15
      14
      16
      13
      17
      13
      20
      16
      12
       8
      16
      13
       9
      10
      19
      15
      16
      18
      10
      13
      18
      13
      12
      13
      16
      15
      20
      20
      18
      24
      14
       9
      22
      15
      16
      15
      15
      14
      14
      16
      13
      13
      14
      17
      16
      10
      16
      12
      10
      25
      18
      18
      14
      17
      25
      19
      19
      14
      18
      15
      14
      17
      12
      14
      16
      11
      17
      20
      15
      13
      23
      17
      13
      13
      19
      13
      14
      19
      12
      17
      19
      16
       7
      15
      11
      16
      13
      10
      13
      18
      11
      22
      21
      21
      12
      20
      10
      10
      14
      14
      14
      11
      22
       7
      21
      19
      26
      18
      15
      16
      12
      11
      11
      14
      17
      22
      18
      18
      20
      14
      18
      11
      16
      15
      22
      11
      19
      16
      10
      20
       8
      15
      17
      23
      15
      15
      15
      16
      17
      13
      14
      15
      11
      22
      12
      16
      15
      13
      18
      16
      20
      21
      17
       6
      16
      17
      20
      12
      18
      16
      17
      16
      14
      19
      18
      12
      14
      14
      10
      11
      15
      10
      12
      15
      13
      10
      12
      10
      16
      16
      10
      20
       5
      17
       9
      14
       9
       6
      11
      14
      17
      10
      11
      12
      10
      17
      12
      12
       7
       8
      13
       7
       7
      11
       9
      12
      10
      14
      12
      13
      14
      11
      12
      15
      14
      17
      19
       8
       9
      15
      12
      10
       9
      13
      13
      13
      20
      10
      12
      14
      17
      10
      10
      10
      11
      18
       9
      18
      12
      10
      11
      17
      11
       9
      11
       9
      11
      10
      15
      12
      13
      10
      15
       8
      15
      24
      11
      17
       8
      13
       7
      11
      10
      11
      13
      12
      11
      14
      15
      15
       7
      12
      13
      11
      11
      12
      10
      14
      11
      11
      14
      10
      10
       7
       8
      22
      12
      25
       8
      11
      10
       4
       9
      18
      16
      13
      11
       8
       9
      10
      14
       8
      14
      14
      16
      16
      12
      15
      12
      13
      17
      12
       9
      16
      14
      15
       9
      12
       5
      11
      12
       7
      11
      13
       8
      13
      11
       7
       7
       9
       7
      15
      10
      26
      22
      15
      25
      22
      34
      25
      27
      15
      18
      13
      19
      12
      10
      15
      11
      11
      17
      12
      14
      17
      14
      11
       9
      16
      12
      10
      10
      16
       6
      10
      12
      13
      11
      17
       9
       9
      11
      10
       5
      11
       8
      10
       9
      14
      14
       5
      15
      13
      18
      12
       7
       9
       8
      11
       9
       6
       5
      11
       8
       9
      13
      12
       7
      11
      13
      18
      10
      12
       9
      14
      11
      15
      11
       4
       6
       2
       9
      10
      12
       9
      17
      15
      11
       9
      11
      11
      11
       9
      10
       8
      12
      13
       8
       7
      11
       9
       6
       7
       9
       9
      11
      15
       9
       7
      14
      18
      10
      12
      11
      11
      13
      16
       9
      10
      10
      11
       4
       9
       9
       8
       7
      11
       7
       4
       8
      12
       7
       9
       6
      11
       8
       7
       8
      10
       9
      10
       9
      12
       8
      14
      13
      10
       7
       7
      14
      17
       5
      14
      14
      11
      12
      14
      10
       7
      12
       9
       5
      13
      16
      11
      11
      13
       9
       8
       9
       5
      13
      11
      12
       9
       9
       8
       5
       8
      12
      11
       5
       6
      13
      10
       7
       5
       6
       7
      10
      10
       9
      11
       9
       7
       6
      12
       6
       7
       8
       9
       7
       4
      12
       7
       8
       3
       8
       8
      11
      14
       7
      13
      10
      13
       9
       9
       4
       7
       6
      11
       7
      18
      13
       6
      17
       9
      10
      15
      12
       4
       9
       7
       8
       5
       8
       6
       9
       9
       9
       5
       9
       7
       4
       9
       7
       9
       7
       8
      11
      15
       9
      10
       8
      12
       7
      10
      10
      12
      15
      11
       6
      10
      10
      12
      10
       9
      10
       8
      12
      11
      11
      12
       9
      11
       9
      11
      14
       4
       7
      12
      14
       5
       7
       9
       8
      11
       9
       6
       9
       4
      12
      10
       8
      14
      10
       8
       9
       9
      13
       6
      11
       9
       6
      10
       6
       8
      11
      11
      11
       8
      11
      13
      15
      11
      13
       7
      12
       6
       8
       8
       7
       9
       5
       6
       6
      10
       7
      10
      14
      12
       7
       9
       9
       7
       8
       7
      10
      11
       7
      11
       7
       7
       6
       6
       6
       9
       7
      10
      11
       5
       9
       6
       2
       9
       3
       8
       6
      12
       9
       9
      10
       7
       5
      11
      10
       6
       3
       8
       7
       9
      13
      13
       5
       9
       7
       4
       7
       5
       8
       5
       9
       3
      16
       5
      13
       7
      11
      11
       5
       4
       5
      11
       5
       9
       9
       8
       9
       8
      13
       8
       5
      11
       9
       7
      13
       6
       9
       6
       8
       4
       7
       5
       9
       8
       9
       9
       7
       7
       9
       8
      10
       6
      12
       7
       9
      13
       7
       9
      12
       9
      12
      15
       3
       4
       8
      11
       6
      11
      10
       8
       9
      10
       4
      13
      10
      13
      13
      12
      15
       8
      12
       8
       9
      19
      19
      22
      36
      51
      91
     112
     173
     199
     269
     249
     288
     284
     282
     212
     144
     107
      89
      37
      22
      21
       7
      11
      12
      10
      10
       8
       5
       9
       3
       6
       7
       7
       6
       8
       4
       5
       9
       8
       7
       7
       6
       4
       6
       5
       6
       5
       8
       6
       4
       8
       8
       7
      12
       8
       9
      12
       8
      12
      12
       6
      10
       5
       8
      14
       5
       9
       8
      10
       5
       9
       8
       8
       4
       4
       4
       5
       4
       5
       8
       4
       7
       6
       7
       6
       9
       5
      10
      10
      10
       6
      10
       5
      10
       8
       1
      11
       7
       6
      10
       5
       3
      10
       8
       4
      11
      12
       3
       6
       6
       6
       7
       5
       7
       8
       6
      10
       7
       6
       6
       5
       9
       3
       5
       7
       7
       9
       7
       3
       9
       2
       6
       4
       9
       6
       5
       7
       6
       8
       5
       9
       4
       3
       6
       5
       8
       7
       9
       6
       6
       8
      11
       7
      11
       5
       5
      10
       5
       7
       7
       7
       9
       7
      12
       5
       6
       6
      11
       6
       3
       5
       6
       5
       7
       7
       6
       6
      11
       8
       9
       6
       6
      11
      10
       4
       5
       4
       9
      11
       6
       7
       7
       7
       8
       6
       6
       6
       6
       5
       2
       9
      14
       8
      10
       4
       7
       5
       9
       6
       7
       6
      11
       7
       7
       7
       6
       5
      10
       3
      11
       8
       9
       6
       6
       5
       3
       8
      12
       4
       6
       5
       9
       6
       9
       6
      11
       4
       8
       3
       6
       2
      13
       8
       5
       5
       6
       7
       5
       5
       5
       6
       6
       4
       7
       7
      12
       8
       9
       7
       6
       2
       7
       4
      10
       5
       2
       6
       8
       4
       9
       5
       8
       4
       9
       6
       4
      11
       6
       4
      11
       5
       5
       7
       8
       9
       7
       6
      11
       4
       7
       4
       6
      10
       8
       8
       4
       8
       6
       5
       4
       6
      11
       8
       6
       7
       7
       4
      12
       9
       7
       5
       5
       7
       8
       8
       1
       6
       6
       7
       6
       5
       5
      14
       5
       7
       4
       7
      13
       4
       5
       5
       3
       5
       5
       4
       8
       4
       9
       7
       8
       6
       9
       5
       4
       4
       7
       3
       8
       4
       9
       8
       5
       6
       8
      13
       6
       5
       6
       6
       4
       3
       8
       6
       5
       6
       2
       8
       3
       7
      10
       5
       8
       7
       6
       4
       9
      10
       7
       3
       3
       9
       5
      16
       5
       4
       4
      12
       8
       8
       2
       8
       6
       9
      10
       5
       5
       7
       7
       7
       4
       4
       8
       8
       4
       5
      10
       8
       7
       7
       8
       3
       7
       7
       3
       6
       5
       2
       6
       8
       5
      10
       4
       9
       4
       6
       8
      11
       4
       8
       8
      10
       5
       9
       8
       5
       9
      11
       3
       5
       6
      10
       7
       5
       4
       6
       7
       4
       7
       4
       6
       6
       8
       6
       2
       3
       7
       7
      11
       7
       5
       7
       7
       8
       8
       6
       5
       6
       3
       5
       6
       8
       8
      12
       9
       3
       8
       5
       7
       7
       7
       5
      10
       5
       7
       4
       5
       4
       9
       4
       4
      11
       9
       9
       5
       4
       6
       6
       5
       7
      12
       6
       4
       6
       6
       5
       5
       9
       9
       9
       6
       6
       9
       5
       5
       8
       6
       5
      11
      10
       4
       5
       5
       6
       9
       8
       8
       6
      11
       8
       6
       8
       3
       7
       8
       9
      11
       7
       6
       5
       5
       7
       5
       9
       4
       4
       7
       1
       8
       7
       6
       4
       6
       7
       5
       5
       8
       4
       5
       9
       4
       8
       6
       3
       6
       5
       8
       8
       5
       4
       2
       3
       9
       9
       9
       4
       7
       5
       3
      10
       2
       3
       6
       8
       4
       8
       5
       3
       7
      10
       4
      10
       6
       6
       3
       9
       3
       6
       6
       5
      10
       9
       4
       3
       7
       6
       2
       7
      12
       7
       8
       5
       6
       2
       6
       5
       6
       6
       7
       5
       7
       7
      11
       2
       5
       6
      11
       8
       6
       3
       8
       6
       6
       4
       7
       4
       8
       7
       5
       9
       9
       7
      11
      13
       3
       4
       2
       3
      11
       7
       5
       5
       5
       4
       7
       3
       6
       8
       7
       5
       8
       5
       7
       4
      10
       4
       3
       7
       6
       6
       8
       6
       3
       7
       2
       4
       4
       7
       5
      11
       1
       7
       9
       6
       5
       2
      10
       6
      13
       7
       6
      10
       6
       4
       5
       4
       5
       3
      10
      13
       3
       2
       9
       4
       6
       9
       2
       6
       6
       5
       8
       6
       6
       3
       6
       6
      13
       7
       6
       4
       2
       7
       2
       1
       6
       7
      13
       9
       6
      10
       5
       8
       8
       5
      10
       3
       4
       4
       7
       6
       4
       6
       8
      11
       1
       8
       9
       9
       3
      10
       6
       3
      10
       6
      10
      11
       6
       8
      13
       7
       4
       4
       4
       6
       8
       5
       7
       2
       4
       9
       6
       6
       5
       5
       5
       8
       8
       5
       4
       5
       4
       7
       6
       5
       8
       5
       6
       8
       5
       5
       6
       5
       6
       5
       2
       9
       8
       5
       7
       7
       7
       5
       4
       7
       8
       4
       3
       7
       3
       5
       6
       6
       6
       3
       4
       7
       6
       8
       6
       8
       5
       4
       6
       4
      10
       6
       4
       7
       2
       2
       7
       5
       9
       4
       2
       8
       5
       8
       6
       5
       8
       6
       7
       5
       5
       3
       6
       0
       6
       7
      10
       4
       6
       5
       3
       9
       6
       6
       8
       4
       5
       7
       6
       9
       4
       6
       4
       5
       6
       4
       6
       8
       5
       2
       7
       5
       7
       6
       5
       5
      11
       7
       3
       6
       3
       4
      10
       4
       6
       3
      10
      11
       2
       9
       9
       2
       3
       8
       4
       5
       8
       5
       5
       3
      10
      19
      34
      25
      29
      29
      17
      24
      16
      22
      24
      26
      16
      30
      25
      16
      28
      20
      25
      21
      22
      20
      25
      26
      20
      19
      31
      25
      13
      22
      15
      24
      16
      27
      22
      16
      22
      18
      22
      19
      15
      13
      18
      20
      29
      21
      24
      35
      19
      19
      15
      18
      17
      21
      28
      16
      24
      26
      19
      16
      14
      22
      29
      19
      19
      21
      16
      18
      20
      14
      16
      19
      15
      19
      22
      19
      19
      16
      19
      18
      19
      15
      19
      15
      17
      16
      25
      16
      18
      25
      17
      14
      12
      27
      17
      17
      26
      18
      15
      22
      12
      14
       9
       9
      27
      14
      18
      16
      22
      12
      23
      19
      19
      12
       9
      15
      13
      15
      20
      15
      11
      18
      13
      16
      11
      17
      18
      13
       9
      15
      21
      14
      13
      19
      15
      25
      19
       8
      16
      12
      13
      13
      16
      14
      20
      17
      17
      14
      12
      15
      14
      18
       9
      15
      14
      13
      16
      13
      14
      11
      11
      15
      11
      10
       9
      14
       8
      17
      20
      14
      16
      14
      11
      19
       7
      15
       5
      14
      16
       8
      14
      14
       8
      10
      14
       7
$ROI:
0
$PRESETS:
None
0
0
$ENER_FIT:
16.228020 0.365531
$MCA_CAL:
3
1.622802E+001 3.655311E-001 -4.823570E-008 keV
$SHAPE_CAL:
3
4.607991E+000 9.525071E-004 -1.165220E-007
