$SPEC_ID:
No sample description was entered.
$SPEC_REM:
DET# 1
DETDESC# DESKTOP-I9R95QV 926
AP# Maestro Version 7.01
$DATE_MEA:
03/25/2021 14:43:32
$MEAS_TIM:
1020931 1021146
$DATA:
0 8191
       0
       0
       0
       0
       0
       0
       0
       0
       0
       0
       0
       0
       0
       0
       0
       0
       0
       0
       0
       0
       0
       0
       0
       0
       0
      12
     117
     728
    1659
    1685
    1684
    1547
    1724
    1651
    1634
    1647
    1690
    1598
    1635
    1610
    1676
    1596
    1625
    1686
    1593
    1584
    1609
    1669
    1568
    1569
    1605
    1622
    1629
    1562
    1609
    1591
    1603
    1564
    1682
    1615
    1543
    1562
    1609
    1665
    1615
    1640
    1614
    1675
    1585
    1606
    1556
    1598
    1614
    1572
    1633
    1601
    1616
    1680
    1692
    1777
    1841
    1912
    1861
    1757
    1554
    1434
    1412
    1360
    1467
    1418
    1422
    1419
    1412
    1451
    1372
    1467
    1458
    1399
    1413
    1428
    1442
    1471
    1409
    1465
    1404
    1435
    1418
    1446
    1470
    1438
    1509
    1464
    1468
    1491
    1407
    1444
    1537
    1480
    1444
    1605
    1575
    1524
    1553
    1538
    1646
    1753
    1878
    1943
    2057
    1896
    1781
    1599
    1581
    1550
    1572
    1636
    1667
    1787
    1763
    1610
    1592
    1595
    1608
    1516
    1575
    1604
    1706
    1631
    1674
    1766
    1768
    1814
    1933
    2119
    2139
    2062
    2051
    2108
    2380
    2609
    2624
    2429
    2069
    1930
    1893
    2035
    2065
    1853
    1668
    1590
    1546
    1576
    1514
    1514
    1511
    1574
    1589
    1677
    1597
    1654
    1632
    1677
    1692
    1840
    1909
    2123
    2137
    2151
    2003
    1891
    1749
    1778
    1753
    1934
    1918
    1815
    1817
    1734
    1775
    1808
    1793
    1688
    1733
    1698
    1787
    2015
    2478
    3051
    3569
    3317
    2754
    2252
    1731
    1635
    1514
    1600
    1453
    1454
    1377
    1426
    1410
    1454
    1478
    1490
    1630
    1560
    1478
    1466
    1473
    1436
    1374
    1400
    1462
    1423
    1432
    1420
    1384
    1458
    1404
    1461
    1456
    1491
    1542
    1475
    1538
    1511
    1425
    1485
    1405
    1433
    1531
    1450
    1551
    1491
    1490
    1463
    1500
    1512
    1544
    1526
    1608
    1666
    1546
    1667
    1629
    1600
    1549
    1482
    1565
    1558
    1526
    1474
    1487
    1494
    1445
    1432
    1513
    1500
    1511
    1462
    1487
    1530
    1444
    1456
    1516
    1507
    1523
    1526
    1487
    1476
    1494
    1470
    1533
    1564
    1460
    1499
    1449
    1552
    1447
    1502
    1492
    1500
    1499
    1467
    1617
    1443
    1543
    1564
    1649
    1557
    1580
    1516
    1531
    1487
    1514
    1528
    1556
    1455
    1486
    1519
    1510
    1516
    1539
    1439
    1524
    1482
    1485
    1492
    1527
    1415
    1451
    1490
    1439
    1482
    1466
    1494
    1483
    1490
    1529
    1540
    1491
    1481
    1499
    1448
    1507
    1612
    1600
    1772
    1863
    1759
    1731
    1553
    1539
    1449
    1387
    1427
    1477
    1427
    1424
    1403
    1450
    1473
    1457
    1419
    1410
    1454
    1388
    1338
    1446
    1474
    1385
    1421
    1457
    1491
    1466
    1527
    1475
    1473
    1411
    1436
    1389
    1391
    1461
    1396
    1401
    1424
    1467
    1444
    1411
    1451
    1441
    1447
    1493
    1445
    1416
    1430
    1410
    1379
    1459
    1439
    1466
    1530
    1563
    1536
    1417
    1408
    1372
    1410
    1389
    1291
    1377
    1350
    1341
    1360
    1350
    1355
    1366
    1288
    1337
    1368
    1299
    1294
    1260
    1301
    1393
    1342
    1315
    1395
    1400
    1316
    1402
    1275
    1279
    1343
    1320
    1376
    1379
    1326
    1332
    1304
    1336
    1294
    1369
    1342
    1351
    1266
    1374
    1346
    1377
    1377
    1315
    1303
    1290
    1363
    1247
    1377
    1361
    1394
    1492
    1583
    1949
    2579
    3094
    3301
    2829
    2193
    1686
    1408
    1259
    1300
    1185
    1185
    1271
    1260
    1227
    1242
    1292
    1209
    1252
    1262
    1238
    1185
    1207
    1200
    1221
    1163
    1232
    1252
    1257
    1262
    1199
    1208
    1174
    1169
    1244
    1280
    1212
    1221
    1249
    1154
    1220
    1249
    1253
    1260
    1468
    1724
    2088
    2280
    2078
    1762
    1409
    1189
    1247
    1242
    1287
    1251
    1310
    1277
    1251
    1186
    1241
    1119
    1180
    1125
    1207
    1242
    1213
    1321
    1343
    1312
    1218
    1121
    1096
    1136
    1088
    1113
    1119
    1107
    1135
    1121
    1089
    1068
    1173
    1076
    1103
    1091
    1153
    1142
    1114
    1088
    1075
    1125
    1096
    1093
    1111
    1065
    1154
    1044
    1046
    1103
    1117
    1116
    1073
    1057
    1097
    1060
    1065
    1142
    1102
    1065
    1026
    1042
    1069
    1113
    1089
    1070
    1059
    1074
    1084
    1034
    1047
    1068
    1043
    1038
    1056
    1071
    1079
    1070
    1001
    1039
    1062
    1043
    1073
    1099
     985
    1054
    1029
    1056
    1085
    1079
    1097
    1162
    1080
    1246
    1355
    1840
    2259
    2671
    2606
    2244
    1687
    1335
    1131
    1212
    1223
    1241
    1206
    1186
    1151
    1058
     973
     957
     903
     954
     921
     964
     920
     900
     920
     845
     896
     914
     886
     909
     909
     916
     915
     855
    1015
     964
     885
     952
     949
     930
     890
     889
     900
     931
     897
     947
     911
     929
     932
     839
     968
     881
     874
     908
     887
     894
     939
     917
     939
     915
     948
     910
     842
     860
     903
     899
     916
     870
     861
     913
     860
     853
     905
     909
     866
     871
     820
     866
     905
     843
     856
     851
     878
     861
     819
     915
     897
     940
     972
     999
     961
     976
     939
     937
     873
     864
     864
     858
     782
     788
     822
     840
     830
     826
     809
     787
     859
     841
     854
     900
     958
     853
     832
     829
     828
     773
     880
     759
     827
     770
     847
     788
     810
     750
     785
     782
     812
     780
     822
     793
     820
     768
     784
     747
     782
     779
     746
     761
     786
     804
     758
     801
     748
     790
     770
     813
     797
     784
     717
     821
     811
     769
     770
     822
     832
     886
    1011
    1092
    1161
    1125
    1044
     963
     832
     747
     831
     784
     749
     747
     794
     826
     849
     866
     869
     863
     836
     777
     763
     711
     738
     772
     760
     717
     768
     781
     770
     792
     855
     961
    1288
    1468
    1540
    1518
    1199
    1025
     828
     721
     677
     754
     706
     724
     672
     695
     709
     684
     741
     693
     731
     715
     699
     707
     724
     710
     668
     652
     690
     672
     700
     658
     682
     697
     680
     704
     688
     652
     708
     712
     693
     711
     703
     695
     684
     697
     707
     721
     680
     654
     683
     677
     694
     675
     671
     776
     653
     689
     738
     744
     760
     788
     805
     764
     719
     698
     739
     690
     671
     649
     703
     679
     699
     702
     688
     676
     670
     674
     645
     661
     664
     610
     682
     662
     669
     690
     675
     764
     857
     955
    1007
     941
     914
     741
     688
     657
     665
     645
     626
     648
     622
     662
     626
     660
     654
     642
     670
     652
     582
     634
     657
     607
     650
     638
     609
     637
     603
     640
     643
     660
     611
     639
     697
     763
     854
    1065
    1285
    1350
    1347
    1146
     867
     720
     660
     617
     600
     580
     591
     621
     587
     609
     563
     587
     569
     557
     585
     555
     609
     595
     603
     573
     608
     581
     549
     591
     603
     610
     615
     551
     533
     539
     581
     589
     539
     542
     512
     597
     551
     548
     544
     576
     531
     550
     529
     587
     524
     508
     556
     596
     570
     546
     495
     569
     561
     553
     541
     540
     547
     533
     566
     568
     571
     564
     522
     569
     584
     555
     548
     547
     526
     564
     536
     548
     542
     515
     543
     520
     543
     549
     556
     534
     567
     537
     546
     545
     534
     537
     518
     541
     552
     536
     517
     525
     541
     538
     527
     545
     521
     506
     554
     514
     503
     508
     489
     527
     513
     524
     527
     517
     509
     508
     523
     528
     497
     480
     518
     520
     545
     525
     525
     519
     514
     466
     493
     473
     479
     536
     521
     524
     455
     470
     505
     529
     522
     526
     515
     519
     473
     491
     497
     471
     503
     492
     514
     485
     497
     460
     506
     483
     492
     489
     499
     482
     503
     495
     508
     523
     524
     537
     497
     484
     508
     496
     486
     505
     456
     480
     485
     495
     474
     459
     485
     544
     483
     474
     482
     465
     457
     484
     490
     462
     507
     487
     456
     485
     476
     478
     459
     494
     459
     459
     456
     449
     459
     477
     474
     505
     449
     508
     494
     505
     463
     453
     431
     476
     473
     466
     508
     483
     438
     453
     477
     483
     464
     434
     451
     482
     455
     457
     439
     440
     415
     471
     454
     443
     432
     463
     461
     416
     463
     448
     398
     461
     414
     463
     438
     449
     462
     447
     451
     426
     442
     464
     425
     390
     447
     460
     449
     412
     434
     423
     482
     447
     464
     430
     416
     455
     448
     429
     418
     417
     478
     414
     435
     410
     441
     447
     453
     470
     426
     433
     469
     457
     439
     458
     406
     440
     440
     403
     413
     386
     406
     427
     427
     430
     471
     428
     425
     403
     404
     431
     471
     425
     453
     429
     447
     431
     450
     449
     481
     488
     545
     500
     508
     446
     482
     407
     430
     406
     399
     423
     448
     424
     430
     424
     447
     425
     431
     423
     417
     413
     418
     451
     441
     423
     415
     411
     406
     421
     456
     385
     422
     421
     435
     385
     398
     400
     402
     453
     414
     400
     412
     422
     421
     433
     403
     437
     430
     424
     403
     373
     427
     395
     398
     422
     420
     413
     390
     471
     387
     419
     372
     418
     408
     376
     397
     430
     397
     429
     432
     386
     395
     386
     399
     448
     408
     407
     414
     405
     414
     423
     400
     383
     376
     399
     440
     384
     377
     391
     408
     442
     407
     375
     371
     368
     380
     363
     387
     410
     418
     413
     410
     382
     403
     405
     449
     404
     390
     399
     377
     378
     397
     420
     386
     414
     440
     400
     410
     417
     440
     424
     453
     487
     527
     552
     625
     770
     923
    1144
    1482
    1779
    2245
    2598
    2806
    2726
    2421
    2101
    1793
    1309
    1017
     752
     651
     545
     440
     460
     407
     387
     349
     366
     371
     363
     363
     339
     318
     395
     366
     360
     353
     355
     379
     347
     327
     337
     340
     337
     342
     349
     329
     337
     335
     341
     340
     363
     344
     336
     332
     373
     339
     326
     329
     323
     320
     349
     342
     360
     329
     348
     320
     356
     347
     323
     336
     338
     354
     325
     341
     344
     345
     344
     332
     361
     333
     332
     339
     351
     342
     351
     336
     320
     360
     374
     321
     374
     363
     309
     377
     347
     355
     295
     390
     341
     364
     345
     341
     353
     355
     292
     325
     344
     355
     349
     339
     359
     339
     360
     322
     319
     331
     322
     330
     368
     320
     331
     342
     302
     351
     338
     337
     341
     301
     364
     315
     326
     331
     344
     291
     341
     342
     321
     353
     308
     314
     297
     313
     357
     325
     315
     340
     334
     339
     365
     312
     333
     330
     312
     336
     326
     363
     320
     304
     305
     354
     333
     327
     329
     305
     350
     341
     314
     312
     331
     328
     385
     345
     350
     324
     344
     328
     326
     332
     333
     317
     310
     305
     319
     315
     339
     340
     331
     319
     304
     320
     321
     325
     294
     288
     312
     313
     302
     299
     329
     333
     339
     314
     352
     364
     429
     468
     571
     738
     851
     874
     876
     724
     563
     435
     365
     351
     324
     309
     300
     288
     307
     342
     278
     312
     310
     310
     297
     289
     288
     286
     320
     290
     285
     314
     312
     319
     308
     288
     328
     329
     292
     278
     329
     311
     352
     322
     327
     302
     337
     336
     337
     309
     326
     332
     301
     327
     314
     324
     301
     319
     316
     364
     318
     312
     338
     320
     289
     366
     304
     285
     318
     325
     352
     314
     354
     376
     433
     501
     733
     804
     950
     967
     834
     649
     469
     379
     355
     320
     294
     281
     284
     292
     271
     301
     295
     286
     311
     316
     290
     309
     289
     311
     268
     332
     316
     278
     317
     286
     303
     284
     304
     278
     314
     301
     298
     301
     287
     297
     297
     271
     266
     297
     275
     271
     286
     282
     291
     286
     300
     274
     282
     307
     278
     300
     284
     294
     315
     243
     303
     284
     260
     269
     272
     290
     269
     304
     252
     282
     291
     253
     269
     285
     277
     294
     294
     270
     270
     288
     277
     306
     274
     261
     259
     262
     276
     251
     272
     295
     284
     244
     291
     286
     262
     248
     288
     281
     250
     280
     273
     274
     277
     274
     280
     273
     271
     213
     294
     277
     293
     292
     295
     258
     279
     266
     285
     254
     265
     266
     284
     260
     278
     308
     241
     261
     283
     239
     274
     279
     270
     277
     279
     252
     285
     268
     274
     287
     247
     298
     272
     285
     319
     351
     363
     367
     387
     368
     341
     298
     307
     296
     282
     289
     295
     281
     295
     285
     284
     252
     252
     282
     275
     252
     259
     247
     288
     268
     274
     273
     265
     276
     273
     255
     271
     272
     262
     264
     260
     245
     287
     273
     230
     235
     252
     233
     256
     253
     239
     253
     262
     285
     254
     282
     296
     243
     253
     243
     268
     280
     268
     248
     213
     274
     237
     301
     255
     243
     249
     226
     257
     239
     251
     283
     257
     237
     273
     262
     249
     259
     287
     256
     234
     293
     234
     243
     259
     243
     251
     274
     283
     256
     279
     250
     257
     257
     279
     254
     241
     245
     278
     293
     236
     249
     286
     290
     263
     289
     297
     240
     255
     264
     265
     264
     265
     248
     259
     249
     267
     260
     268
     265
     233
     238
     260
     240
     261
     261
     247
     237
     240
     235
     282
     256
     265
     259
     254
     245
     251
     270
     236
     260
     247
     240
     225
     262
     241
     255
     263
     239
     258
     238
     243
     235
     273
     227
     264
     241
     258
     235
     261
     247
     252
     268
     271
     234
     263
     236
     275
     276
     225
     215
     265
     236
     246
     241
     247
     255
     255
     270
     282
     278
     305
     334
     373
     390
     370
     350
     276
     263
     264
     257
     255
     238
     240
     242
     251
     243
     261
     247
     240
     229
     223
     247
     249
     265
     218
     232
     250
     259
     228
     209
     266
     234
     226
     233
     226
     237
     220
     258
     262
     252
     247
     260
     249
     268
     267
     223
     271
     243
     261
     236
     243
     217
     217
     240
     218
     219
     223
     259
     237
     252
     224
     219
     234
     230
     237
     236
     239
     245
     234
     223
     242
     228
     246
     237
     229
     240
     252
     243
     253
     258
     258
     264
     232
     220
     248
     211
     247
     236
     219
     232
     234
     230
     207
     238
     252
     226
     209
     209
     239
     246
     250
     238
     253
     267
     247
     225
     238
     259
     270
     316
     295
     324
     329
     318
     254
     283
     324
     265
     264
     250
     246
     248
     209
     232
     260
     239
     238
     267
     222
     253
     229
     205
     228
     213
     228
     197
     209
     224
     230
     217
     222
     190
     211
     211
     210
     250
     218
     196
     214
     242
     221
     213
     227
     214
     217
     249
     241
     219
     206
     218
     223
     234
     254
     263
     234
     265
     272
     230
     252
     262
     285
     326
     323
     298
     271
     255
     249
     209
     216
     189
     223
     228
     235
     214
     238
     232
     271
     282
     281
     309
     293
     276
     262
     230
     240
     191
     194
     209
     194
     210
     227
     220
     217
     198
     198
     225
     207
     232
     256
     219
     207
     219
     234
     253
     209
     224
     209
     219
     245
     223
     238
     226
     208
     215
     195
     225
     215
     218
     232
     184
     198
     197
     197
     201
     197
     195
     188
     204
     190
     203
     221
     187
     190
     216
     188
     205
     204
     194
     218
     200
     219
     206
     223
     197
     178
     227
     212
     180
     227
     216
     199
     197
     213
     180
     205
     228
     209
     209
     205
     211
     202
     192
     164
     208
     205
     203
     209
     227
     185
     203
     202
     185
     215
     177
     190
     233
     219
     223
     246
     234
     209
     189
     195
     221
     191
     203
     225
     219
     224
     207
     211
     213
     228
     242
     218
     186
     202
     218
     203
     217
     199
     231
     215
     255
     219
     222
     224
     202
     202
     222
     209
     173
     190
     199
     196
     222
     223
     208
     191
     187
     193
     203
     207
     193
     196
     200
     200
     196
     200
     188
     217
     191
     189
     180
     225
     197
     206
     198
     222
     211
     196
     171
     192
     192
     206
     182
     189
     218
     199
     199
     171
     184
     190
     229
     219
     230
     219
     249
     277
     263
     257
     232
     195
     202
     188
     177
     189
     179
     183
     185
     191
     180
     186
     216
     186
     208
     183
     196
     182
     203
     170
     151
     186
     202
     179
     199
     187
     196
     167
     192
     187
     199
     193
     202
     194
     207
     190
     196
     204
     191
     186
     194
     186
     195
     211
     199
     202
     186
     191
     185
     179
     213
     198
     190
     214
     198
     197
     198
     181
     173
     175
     191
     190
     163
     183
     184
     183
     217
     191
     182
     190
     199
     191
     192
     167
     194
     162
     176
     208
     173
     181
     164
     184
     198
     201
     177
     177
     194
     185
     166
     185
     191
     207
     181
     204
     207
     206
     193
     192
     179
     203
     197
     177
     196
     165
     183
     200
     195
     171
     218
     182
     175
     189
     206
     213
     180
     199
     211
     201
     194
     195
     168
     200
     178
     172
     180
     225
     205
     222
     243
     220
     261
     289
     330
     418
     489
     573
     580
     560
     519
     393
     288
     249
     199
     199
     191
     193
     187
     192
     180
     172
     178
     183
     198
     179
     201
     197
     173
     175
     160
     166
     174
     182
     173
     166
     170
     180
     157
     175
     234
     182
     180
     203
     165
     166
     195
     177
     179
     189
     172
     168
     166
     167
     192
     186
     175
     170
     154
     159
     159
     170
     190
     167
     168
     194
     169
     207
     194
     228
     207
     237
     193
     191
     203
     181
     195
     189
     175
     188
     182
     173
     195
     160
     177
     153
     168
     188
     148
     155
     175
     192
     179
     197
     178
     173
     168
     179
     150
     195
     183
     173
     170
     192
     167
     176
     173
     186
     182
     180
     171
     190
     180
     193
     207
     205
     178
     166
     187
     162
     177
     175
     194
     181
     175
     169
     176
     160
     175
     169
     167
     176
     176
     197
     174
     177
     181
     148
     171
     166
     173
     186
     171
     165
     176
     174
     174
     165
     175
     197
     187
     243
     235
     260
     286
     286
     240
     263
     211
     234
     202
     211
     256
     291
     346
     377
     423
     421
     377
     356
     256
     227
     203
     152
     175
     163
     171
     163
     178
     172
     165
     171
     174
     174
     158
     151
     198
     176
     165
     168
     164
     168
     176
     162
     165
     174
     166
     151
     180
     179
     162
     158
     167
     140
     157
     144
     189
     148
     164
     153
     163
     172
     151
     159
     159
     178
     165
     159
     176
     165
     171
     167
     155
     183
     159
     159
     145
     160
     168
     158
     148
     169
     155
     170
     156
     164
     163
     174
     152
     166
     181
     156
     161
     137
     176
     181
     173
     174
     182
     199
     199
     250
     283
     289
     313
     312
     249
     259
     227
     179
     150
     146
     147
     140
     153
     159
     163
     149
     149
     153
     155
     157
     177
     147
     159
     170
     186
     164
     149
     156
     163
     152
     163
     144
     152
     166
     153
     165
     147
     164
     166
     143
     169
     161
     144
     136
     149
     169
     140
     144
     130
     154
     175
     165
     153
     177
     148
     156
     144
     178
     181
     140
     162
     179
     156
     168
     174
     151
     156
     185
     147
     147
     155
     138
     148
     154
     161
     137
     169
     137
     129
     155
     171
     157
     166
     163
     174
     159
     156
     159
     155
     152
     178
     150
     169
     157
     133
     152
     165
     167
     146
     141
     165
     161
     139
     148
     166
     148
     129
     149
     157
     157
     144
     146
     167
     145
     136
     167
     165
     144
     133
     160
     154
     155
     155
     164
     152
     135
     148
     151
     183
     157
     146
     153
     174
     157
     160
     160
     154
     156
     161
     168
     153
     150
     149
     162
     162
     160
     152
     147
     153
     138
     155
     168
     158
     147
     167
     147
     153
     148
     134
     140
     156
     164
     137
     146
     156
     146
     153
     140
     158
     161
     134
     164
     167
     167
     173
     172
     175
     168
     153
     145
     143
     167
     163
     160
     152
     163
     139
     150
     138
     148
     178
     150
     147
     151
     166
     152
     140
     141
     152
     127
     141
     143
     145
     149
     142
     158
     156
     165
     132
     146
     142
     141
     156
     176
     134
     152
     153
     143
     132
     147
     131
     138
     143
     130
     160
     150
     123
     140
     168
     137
     135
     177
     161
     149
     146
     156
     137
     144
     147
     143
     139
     139
     147
     144
     140
     142
     134
     162
     142
     144
     144
     136
     121
     146
     136
     127
     152
     123
     144
     152
     134
     157
     165
     171
     141
     161
     127
     160
     149
     143
     135
     142
     124
     154
     147
     131
     157
     140
     163
     129
     148
     130
     137
     146
     155
     124
     133
     144
     142
     156
     147
     144
     157
     149
     159
     149
     162
     148
     159
     143
     156
     143
     145
     146
     146
     140
     142
     161
     158
     139
     169
     136
     140
     160
     155
     156
     138
     157
     146
     154
     162
     166
     173
     205
     212
     252
     303
     347
     325
     321
     321
     255
     214
     178
     180
     144
     127
     136
     132
     134
     123
     158
     137
     146
     134
     141
     152
     147
     144
     141
     121
     121
     157
     122
     141
     129
     147
     146
     118
     143
     144
     138
     141
     135
     155
     136
     121
     133
     142
     134
     159
     128
     142
     140
     143
     139
     149
     148
     127
     125
     149
     128
     128
     129
     159
     149
     128
     152
     139
     139
     140
     142
     129
     141
     147
     134
     129
     159
     165
     134
     135
     119
     140
     134
     156
     150
     142
     121
     168
     128
     133
     126
     142
     153
     133
     150
     154
     153
     149
     137
     148
     142
     191
     138
     168
     161
     149
     158
     130
     134
     142
     124
     135
     140
     134
     144
     158
     116
     145
     115
     125
     136
     146
     141
     141
     131
     145
     136
     130
     147
     135
     149
     165
     149
     109
     125
     153
     145
     125
     129
     125
     131
     129
     135
     143
     154
     143
     135
     145
     175
     181
     168
     183
     188
     184
     182
     146
     153
     155
     152
     144
     143
     136
     122
     129
     154
     137
     139
     139
     129
     146
     147
     140
     129
     139
     138
     148
     119
     148
     134
     145
     129
     128
     140
     120
     124
     131
     158
     139
     145
     134
     121
     114
     105
     121
     133
     126
     136
     134
     138
     119
     133
     130
     153
     145
     129
     145
     132
     125
     127
     149
     133
     146
     122
     168
     129
     134
     135
     128
     132
     118
     131
     141
     126
     142
     150
     147
     125
     115
     144
     117
     130
     150
     124
     150
     125
     131
     134
     150
     134
     154
     155
     141
     149
     150
     133
     144
     161
     142
     145
     151
     129
     155
     125
     136
     149
     130
     148
     143
     158
     135
     116
     139
     158
     145
     129
     133
     121
     142
     128
     132
     151
     123
     136
     138
     134
     145
     150
     142
     126
     125
     121
     131
     152
     118
     136
     154
     152
     134
     133
     151
     121
     124
     131
     142
     132
     152
     137
     127
     148
     130
     138
     153
     122
     144
     132
     128
     137
     138
     123
     143
     149
     141
     139
     125
     131
     152
     144
     133
     140
     129
     112
     137
     149
     147
     145
     157
     168
     167
     180
     192
     199
     198
     189
     165
     139
     150
     144
     143
     115
     138
     139
     131
     130
     125
     136
     133
     110
     112
     110
     139
     141
     113
     130
     134
     122
     140
     107
     123
     119
     117
     118
     119
     111
     136
     127
     124
     125
     136
     111
     123
     104
     116
     122
     123
     148
     114
     122
     137
     119
     114
     120
     113
     106
     109
     112
     110
     110
     144
     115
     109
     111
     111
     114
     132
     127
     112
     137
     118
     101
     117
     131
     123
     107
     118
     137
      99
     139
     116
     107
     111
     106
      99
     121
      99
     124
     121
     110
     122
     106
     129
     117
     118
     120
     132
     121
     132
     107
     110
     105
     116
     118
     123
      89
     118
     106
     126
     125
     114
     112
      99
     122
     100
     148
     114
     127
     118
     130
     127
     147
     146
     117
     111
     103
     126
     120
     119
     116
     115
     112
      90
      99
     113
     131
     135
     110
     107
     122
     107
     113
     113
     106
     116
     120
     111
     110
     117
     112
     132
     119
     117
     112
      97
     103
     129
      93
      98
     110
      94
      93
      97
     114
     123
     113
     101
     101
     121
      94
      99
     103
      92
      94
     104
      92
      89
      99
     107
     111
     102
      99
     120
     106
     107
      91
     103
     119
      91
     116
      99
     111
      89
     107
     120
     109
     101
     107
     105
      98
     106
      94
     105
     118
     114
     100
      99
      92
     103
      84
     100
     104
      88
     109
     111
      97
      87
     101
     106
     108
     106
     107
     105
      96
     105
     118
     101
     100
     107
      93
     105
      93
     111
     104
     106
     107
     111
      98
     125
     106
      91
     100
     103
      89
      76
     110
     110
     111
     110
      95
      98
     100
     120
      83
      93
     110
     102
     103
     105
     128
     117
     148
     107
     131
     124
     128
     123
     113
     111
      98
     113
     100
      82
     108
     111
      89
      96
      98
      93
      95
     102
     103
     112
      88
     103
     118
      97
      96
      82
      84
      94
      92
      99
      99
      99
      82
      91
      84
     109
      98
      98
      93
      99
     100
      96
      91
      95
     108
     104
      88
      98
     100
      96
     102
      91
      97
      79
     101
      83
      91
     103
      91
     104
      91
      72
      96
      83
      95
      86
     101
      85
      99
      87
      94
      92
      87
     104
      95
      89
     100
      94
      85
      94
      98
     106
      92
      80
      85
      97
     106
     103
      80
      81
      84
      88
     102
      84
     107
      98
      92
      84
     105
      87
      82
     111
      84
     101
     101
      85
      85
      98
     101
      89
     104
     100
     106
      99
      95
      91
      97
      96
     118
     117
     141
     137
     147
     148
     139
     150
     125
     106
      91
      97
      97
      94
      95
      94
      90
      85
      90
      84
     109
     104
     105
      95
     110
     103
      90
     101
     110
      84
      85
      89
      79
      78
      72
     110
     111
      88
      74
      82
     105
      95
      88
      78
     106
      95
      76
      93
      69
      86
      92
      81
      84
      86
      92
      91
      88
      80
      96
      85
     101
      96
      87
      95
      96
     109
     114
     101
      94
     109
     131
     104
      97
      89
      98
      72
      82
      84
     107
      94
      95
      86
      96
      86
      88
     116
      99
     133
     123
      97
     100
      94
      88
      99
      82
      84
      91
      94
      98
      73
      88
      95
      79
      77
      83
      91
      80
      87
      73
      78
      83
      74
      87
      83
      88
      89
      86
      88
      81
      87
      80
      85
      83
      87
     100
      95
      82
      88
      87
      81
      87
      80
      82
      80
      85
      97
      92
      87
      86
      73
      80
      86
      91
      71
      96
      84
      85
      89
      82
      93
      99
      72
      87
      87
      94
     105
     106
     102
     129
      92
     116
     158
     183
     157
     162
     174
     147
     126
     116
      83
      85
      86
      98
      81
      87
      74
      59
      82
      70
      77
      89
      87
      76
      88
      82
      94
      83
      81
      81
      78
      97
      97
      90
      70
      85
      92
      81
      96
     100
      98
      87
      90
      76
      99
      79
      96
      90
      86
     114
      93
      97
      86
     104
     120
     101
      95
     103
     129
     108
     137
     129
     186
     218
     241
     304
     330
     438
     558
     712
     924
    1144
    1297
    1413
    1481
    1298
    1024
     703
     488
     278
     150
     112
      83
      91
      68
      74
      82
      66
      60
      67
      61
      71
      60
      66
      72
      66
      61
      66
      81
      74
      84
      68
      69
      59
      68
      67
      66
      75
      81
      61
      74
      76
      67
      74
      76
      76
      76
      68
      73
      70
      52
      62
      71
      81
      68
      78
      83
      80
      69
      65
      76
      72
      71
      59
      69
      67
      79
      75
      70
      60
      74
      80
      67
      66
      81
      51
      66
      68
      67
      66
      86
      72
      65
      55
      84
      60
      69
      55
     101
      64
      56
      67
      67
      77
      72
      73
      89
      85
      87
      74
      85
      78
      83
      70
      66
      69
      71
      55
      53
      57
      71
      61
      78
      84
      91
      75
      74
      70
      71
      87
      75
      90
      80
      63
      57
      83
      65
      65
      77
      70
      73
      78
      75
      97
      90
      91
      93
      98
      95
      94
      76
      76
      67
      59
      68
      88
      74
      66
      75
      81
      66
      80
      63
      70
      71
      59
      92
      59
      72
      81
      52
      72
      60
      63
      53
      56
      81
      71
      79
      73
      49
      72
      61
      76
      61
      68
      62
      64
      78
      66
      75
      64
      58
      75
      62
      72
      55
      68
      56
      76
      77
      68
      57
      68
      63
      68
      91
      78
      62
      84
      77
      82
      58
      62
      48
      51
      66
      66
      64
      82
      72
      84
      65
      61
      69
      92
      70
      87
      77
      50
      77
      68
      68
      72
      64
      62
      69
      69
      73
      65
      64
      69
      64
      59
      68
      53
      63
      67
      67
      46
      77
      63
      76
      77
      75
      74
      71
      57
      50
      65
      64
      55
      56
      64
      63
      64
      58
      69
      55
      61
      57
      75
      53
      53
      64
      54
      61
      78
      60
      61
      72
      69
      69
      63
      65
      45
      47
      56
      62
      59
      72
      75
      56
      48
      67
      63
      56
      59
      46
      61
      57
      57
      60
      58
      61
      83
      50
      66
      73
      69
      56
      47
      63
      64
      71
      64
      62
      77
      77
      71
      62
      72
      61
      63
      51
      58
      66
      54
      55
      53
      73
      48
      66
      62
      68
      65
      62
      73
      75
      76
      76
      63
      80
      79
      88
      73
      72
      55
      67
      62
      64
      64
      82
      56
      83
      60
      76
      79
      77
     102
     110
      98
     108
     108
      89
      79
      75
      82
      77
      73
      86
      71
      95
      93
     104
      98
     104
      86
      85
      66
      86
      60
      61
      67
      56
      62
      73
      65
      62
      79
      69
      63
      56
      72
      68
      56
      52
      70
      57
      54
      59
      52
      61
      53
      55
      61
      45
      62
      56
      53
      69
      42
      57
      43
      71
      46
      66
      70
      62
      60
      61
      70
      55
      47
      57
      60
      69
      60
      52
      54
      79
      50
      74
      56
      60
      61
      53
      61
      55
      61
      64
      63
      60
      64
      68
      56
      61
      56
      76
      56
      87
      74
      84
      75
      80
      63
      67
      61
      54
      57
      62
      63
      67
      72
      52
      70
      50
      61
      62
      68
      51
      63
      74
      65
      53
      60
      83
      86
      78
      71
      83
      62
      63
      56
      63
      47
      69
      59
      59
      56
      60
      45
      47
      53
      48
      49
      50
      58
      68
      57
      60
      69
      61
      77
      60
      52
      59
      65
      56
      58
      55
      51
      54
      69
      65
      62
      53
      51
      69
      63
      59
      54
      57
      56
      40
      71
      40
      48
      54
      55
      56
      55
      58
      47
      50
      43
      47
      46
      48
      60
      60
      42
      54
      65
      58
      54
      67
      60
      49
      55
      61
      63
      61
      52
      60
      49
      51
      65
      54
      70
      73
      66
      66
      62
      68
      71
      49
      54
      51
      57
      60
      55
      60
      54
      65
      47
      64
      55
      65
      58
      59
      46
      43
      56
      50
      54
      49
      41
      61
      39
      51
      46
      51
      37
      56
      48
      63
      52
      54
      47
      57
      46
      53
      67
      63
      57
      43
      54
      38
      52
      59
      60
      48
      57
      52
      45
      48
      49
      47
      55
      59
      53
      62
      56
      47
      53
      56
      59
      55
      65
      45
      55
      56
      47
      50
      44
      51
      58
      43
      44
      60
      67
      51
      42
      44
      53
      60
      63
      47
      62
      51
      60
      50
      50
      57
      57
      45
      51
      54
      36
      57
      49
      48
      52
      48
      61
      54
      65
      39
      49
      41
      58
      57
      43
      67
      52
      57
      54
      57
      59
      44
      52
      68
      50
      50
      57
      51
      53
      58
      49
      54
      62
      60
      69
      42
      46
      48
      40
      47
      53
      56
      37
      65
      48
      58
      49
      46
      57
      49
      50
      54
      53
      61
      52
      35
      47
      63
      54
      52
      45
      56
      56
      56
      55
      51
      58
      53
      47
      45
      50
      51
      57
      51
      58
      56
      50
      67
      55
      57
      53
      65
      64
      68
      66
      54
      81
      79
     104
      82
     100
     106
      83
      77
      52
      72
      49
      60
      42
      58
      45
      61
      46
      50
      44
      54
      44
      43
      45
      49
      43
      56
      57
      39
      41
      51
      52
      45
      49
      54
      47
      59
      48
      51
      44
      41
      70
      49
      54
      52
      61
      59
      57
      59
      50
      47
      41
      63
      46
      47
      44
      47
      31
      55
      55
      48
      51
      54
      57
      47
      45
      46
      40
      43
      62
      44
      47
      46
      49
      41
      40
      50
      44
      43
      48
      54
      46
      54
      68
      59
      43
      69
      62
      67
      69
      80
      87
      87
      87
     131
     123
     149
     176
     197
     246
     256
     254
     255
     216
     183
     139
     109
      74
      65
      40
      44
      47
      54
      53
      46
      42
      55
      41
      42
      51
      53
      32
      48
      51
      51
      45
      47
      41
      49
      50
      43
      46
      47
      52
      45
      45
      44
      47
      53
      43
      48
      45
      42
      53
      53
      53
      48
      45
      49
      48
      43
      43
      46
      61
      54
      48
      44
      40
      47
      45
      45
      39
      46
      41
      44
      51
      37
      37
      44
      44
      57
      38
      47
      49
      40
      36
      40
      53
      42
      42
      50
      46
      47
      47
      48
      44
      42
      45
      36
      33
      44
      36
      53
      43
      48
      45
      38
      46
      41
      33
      45
      30
      36
      46
      48
      47
      36
      48
      44
      43
      42
      38
      57
      50
      60
      46
      50
      44
      43
      45
      52
      53
      49
      44
      51
      39
      36
      54
      44
      63
      52
      40
      53
      41
      50
      28
      41
      44
      33
      48
      57
      58
      47
      46
      43
      52
      44
      51
      37
      37
      42
      57
      51
      49
      42
      37
      55
      39
      51
      50
      54
      57
      50
      55
      47
      42
      44
      47
      48
      39
      47
      43
      48
      34
      36
      57
      57
      40
      40
      45
      49
      41
      42
      59
      54
      35
      52
      44
      49
      41
      56
      67
      51
      34
      42
      36
      46
      44
      46
      55
      42
      48
      46
      51
      52
      52
      36
      52
      46
      34
      40
      44
      48
      41
      33
      32
      37
      60
      46
      45
      54
      45
      47
      59
      73
      73
      62
      80
      68
      72
      66
      69
      51
      61
      43
      46
      41
      50
      51
      51
      38
      38
      45
      37
      46
      43
      28
      45
      47
      46
      40
      45
      46
      42
      42
      32
      40
      45
      55
      44
      49
      26
      31
      50
      51
      51
      49
      49
      40
      52
      44
      42
      44
      51
      34
      43
      34
      47
      38
      42
      51
      45
      58
      51
      51
      44
      38
      49
      45
      48
      41
      41
      43
      35
      38
      47
      37
      56
      44
      44
      49
      44
      54
      33
      42
      45
      45
      46
      44
      37
      45
      42
      38
      37
      43
      40
      44
      47
      42
      32
      42
      39
      35
      43
      53
      34
      45
      47
      38
      58
      50
      47
      44
      42
      51
      53
      42
      48
      49
      51
      40
      56
      44
      54
      52
      44
      35
      47
      48
      41
      51
      39
      45
      38
      39
      35
      48
      47
      54
      50
      33
      35
      38
      46
      36
      45
      50
      47
      38
      35
      48
      44
      43
      47
      46
      60
      36
      46
      45
      51
      44
      20
      40
      53
      48
      34
      41
      35
      50
      53
      50
      34
      47
      35
      31
      40
      36
      45
      46
      45
      39
      46
      66
      42
      50
      49
      40
      46
      50
      36
      37
      39
      60
      48
      44
      41
      44
      33
      46
      33
      38
      44
      35
      36
      58
      40
      39
      36
      34
      46
      41
      45
      39
      47
      44
      41
      42
      43
      40
      48
      39
      55
      34
      42
      41
      37
      30
      55
      46
      37
      44
      46
      44
      47
      39
      38
      41
      43
      41
      36
      49
      42
      51
      44
      54
      38
      45
      43
      42
      39
      46
      45
      49
      47
      59
      45
      48
      40
      47
      44
      28
      38
      35
      34
      45
      34
      47
      41
      44
      44
      47
      56
      30
      48
      48
      34
      46
      53
      41
      34
      46
      61
      37
      42
      40
      35
      31
      46
      42
      44
      41
      37
      36
      36
      48
      37
      45
      48
      49
      38
      48
      40
      36
      45
      34
      39
      37
      42
      44
      45
      40
      41
      34
      44
      47
      40
      32
      39
      49
      37
      41
      35
      35
      49
      43
      41
      37
      53
      35
      47
      35
      38
      31
      52
      53
      43
      45
      41
      37
      43
      36
      47
      40
      40
      37
      44
      40
      38
      41
      43
      37
      36
      50
      43
      38
      43
      41
      39
      52
      47
      39
      36
      36
      45
      37
      25
      45
      36
      42
      38
      33
      38
      44
      52
      39
      35
      40
      36
      38
      50
      21
      37
      53
      47
      41
      34
      40
      30
      27
      35
      32
      46
      47
      35
      37
      48
      32
      38
      35
      43
      34
      43
      37
      37
      44
      51
      44
      33
      42
      41
      42
      48
      39
      36
      41
      37
      32
      37
      41
      36
      50
      34
      49
      30
      31
      44
      34
      38
      46
      36
      35
      30
      39
      37
      45
      58
      43
      40
      44
      34
      36
      45
      46
      31
      26
      47
      26
      37
      45
      46
      43
      38
      35
      23
      38
      36
      39
      38
      34
      45
      35
      40
      32
      36
      25
      40
      33
      32
      48
      35
      39
      41
      53
      27
      37
      41
      37
      39
      38
      35
      42
      46
      44
      37
      31
      47
      28
      36
      32
      26
      26
      34
      37
      49
      35
      37
      33
      45
      30
      46
      39
      46
      31
      37
      43
      38
      34
      29
      31
      39
      39
      35
      39
      35
      31
      41
      25
      40
      30
      32
      38
      37
      44
      39
      34
      33
      34
      42
      37
      39
      34
      35
      54
      40
      30
      31
      31
      35
      41
      39
      43
      41
      30
      39
      43
      42
      33
      49
      37
      56
      44
      41
      43
      39
      30
      39
      49
      39
      25
      32
      32
      45
      31
      31
      32
      36
      35
      37
      48
      31
      33
      34
      38
      39
      38
      59
      32
      44
      32
      36
      39
      26
      43
      39
      40
      44
      42
      44
      38
      32
      29
      33
      30
      46
      37
      27
      50
      38
      26
      41
      34
      35
      19
      34
      37
      35
      46
      36
      38
      45
      34
      26
      43
      50
      31
      37
      49
      37
      39
      29
      37
      34
      30
      38
      45
      38
      48
      31
      36
      28
      39
      35
      35
      25
      37
      39
      40
      46
      43
      29
      32
      45
      30
      30
      46
      40
      35
      34
      38
      30
      40
      30
      29
      38
      35
      44
      31
      34
      46
      30
      31
      36
      42
      47
      36
      41
      39
      49
      45
      46
      31
      30
      40
      47
      37
      37
      40
      36
      34
      36
      49
      37
      37
      46
      31
      33
      38
      32
      33
      36
      44
      37
      38
      34
      38
      49
      39
      47
      51
      51
      58
      63
      54
      70
      68
      84
      73
      83
      93
      76
      80
      83
      74
      88
      61
      58
      51
      47
      50
      38
      39
      41
      39
      38
      34
      35
      39
      33
      37
      33
      38
      29
      34
      37
      30
      42
      34
      34
      41
      38
      39
      29
      35
      52
      43
      49
      53
      48
      46
      52
      50
      40
      57
      46
      45
      46
      36
      33
      32
      24
      46
      32
      51
      39
      33
      39
      35
      31
      36
      41
      43
      24
      32
      40
      39
      37
      33
      35
      35
      38
      45
      42
      40
      33
      32
      32
      46
      39
      28
      38
      49
      30
      27
      26
      28
      35
      40
      41
      39
      33
      52
      39
      36
      30
      41
      27
      28
      33
      27
      44
      32
      32
      31
      50
      44
      42
      30
      32
      36
      45
      36
      31
      43
      43
      37
      47
      26
      33
      33
      37
      46
      28
      38
      37
      44
      31
      29
      40
      35
      31
      33
      29
      35
      36
      36
      33
      36
      53
      27
      33
      31
      32
      34
      39
      43
      38
      39
      37
      43
      32
      36
      41
      35
      30
      31
      38
      41
      30
      39
      26
      34
      27
      33
      33
      39
      37
      38
      30
      22
      47
      42
      58
      37
      26
      32
      33
      39
      51
      34
      29
      43
      35
      35
      31
      42
      32
      29
      43
      25
      35
      21
      45
      39
      44
      35
      37
      38
      40
      33
      34
      23
      42
      32
      36
      29
      34
      40
      39
      31
      34
      30
      33
      41
      31
      35
      38
      36
      42
      32
      50
      40
      39
      41
      31
      37
      21
      31
      37
      42
      37
      32
      34
      27
      55
      31
      40
      35
      35
      44
      35
      33
      33
      39
      40
      40
      36
      28
      38
      37
      33
      34
      32
      46
      39
      31
      28
      44
      35
      32
      34
      52
      51
      48
      47
      44
      58
      59
      55
      65
      86
      86
      95
      91
     100
     101
     114
      95
      85
      83
      62
      54
      47
      24
      34
      26
      25
      29
      32
      22
      42
      28
      34
      42
      20
      36
      37
      40
      35
      43
      45
      39
      38
      35
      30
      34
      31
      29
      31
      33
      41
      42
      30
      40
      31
      40
      27
      35
      29
      39
      41
      34
      24
      38
      36
      25
      35
      43
      24
      30
      32
      41
      34
      44
      36
      37
      27
      33
      35
      32
      34
      27
      34
      36
      37
      34
      45
      40
      23
      28
      35
      31
      33
      20
      24
      40
      35
      39
      32
      25
      33
      38
      30
      29
      39
      25
      33
      33
      36
      26
      42
      38
      36
      33
      32
      36
      25
      38
      34
      27
      28
      35
      43
      28
      29
      31
      39
      38
      35
      35
      34
      30
      37
      33
      32
      40
      35
      41
      34
      28
      28
      31
      34
      37
      32
      36
      28
      43
      31
      37
      37
      44
      39
      34
      45
      38
      17
      26
      35
      29
      33
      33
      31
      39
      28
      45
      40
      30
      29
      31
      34
      32
      28
      34
      28
      33
      26
      36
      37
      40
      34
      28
      29
      40
      35
      25
      35
      32
      27
      38
      38
      40
      27
      32
      32
      26
      48
      38
      34
      31
      32
      35
      29
      29
      34
      43
      40
      29
      37
      34
      30
      33
      31
      36
      39
      24
      32
      25
      24
      36
      26
      33
      27
      33
      35
      35
      29
      34
      32
      28
      37
      31
      36
      37
      37
      28
      29
      21
      26
      36
      43
      33
      28
      29
      38
      30
      43
      30
      39
      34
      32
      34
      42
      36
      26
      38
      33
      32
      39
      35
      47
      40
      34
      35
      37
      42
      38
      32
      34
      30
      39
      43
      37
      34
      40
      34
      29
      35
      37
      38
      33
      26
      42
      34
      34
      42
      36
      35
      22
      35
      28
      21
      29
      29
      31
      31
      37
      35
      35
      45
      48
      32
      42
      31
      35
      47
      32
      34
      35
      25
      38
      26
      25
      38
      28
      42
      35
      37
      43
      38
      38
      31
      34
      27
      35
      37
      31
      34
      36
      29
      31
      43
      38
      34
      27
      38
      32
      35
      36
      22
      33
      37
      29
      33
      21
      36
      31
      30
      32
      32
      26
      35
      43
      37
      38
      36
      41
      30
      25
      30
      40
      33
      33
      44
      33
      30
      30
      36
      44
      24
      33
      27
      35
      30
      37
      36
      39
      29
      28
      30
      30
      35
      28
      27
      32
      33
      32
      37
      36
      37
      31
      27
      38
      27
      27
      25
      35
      29
      23
      23
      38
      28
      35
      36
      48
      34
      33
      35
      38
      32
      33
      39
      47
      44
      44
      34
      39
      33
      41
      28
      31
      28
      42
      26
      45
      42
      35
      30
      38
      38
      36
      29
      25
      25
      33
      34
      34
      29
      40
      35
      32
      33
      30
      38
      39
      36
      33
      35
      40
      26
      34
      31
      34
      33
      42
      38
      36
      35
      37
      38
      32
      32
      43
      39
      32
      40
      34
      29
      33
      41
      37
      25
      32
      24
      35
      36
      27
      37
      34
      31
      31
      37
      24
      30
      31
      31
      23
      38
      32
      40
      24
      36
      30
      38
      32
      37
      26
      25
      34
      32
      31
      25
      22
      30
      29
      25
      30
      27
      28
      24
      40
      27
      26
      24
      28
      24
      33
      29
      31
      24
      43
      27
      26
      30
      27
      31
      19
      29
      22
      29
      26
      32
      31
      28
      36
      32
      27
      31
      28
      26
      33
      31
      36
      25
      34
      30
      18
      36
      33
      28
      28
      31
      32
      32
      30
      45
      18
      29
      28
      29
      29
      26
      24
      33
      28
      36
      24
      24
      26
      25
      28
      38
      27
      32
      29
      32
      27
      33
      20
      30
      23
      30
      25
      23
      28
      24
      20
      31
      39
      26
      25
      25
      26
      28
      22
      30
      19
      30
      34
      25
      28
      29
      35
      27
      31
      33
      27
      37
      25
      24
      28
      31
      31
      34
      21
      36
      28
      38
      35
      33
      43
      40
      21
      17
      30
      28
      22
      26
      17
      40
      22
      27
      31
      25
      35
      28
      33
      19
      26
      25
      27
      24
      30
      31
      27
      24
      22
      27
      16
      28
      34
      27
      31
      31
      34
      27
      20
      24
      24
      27
      17
      24
      36
      29
      27
      33
      36
      20
      24
      20
      29
      28
      29
      32
      39
      28
      24
      38
      48
      39
      40
      55
      59
      43
      39
      49
      46
      40
      31
      40
      20
      30
      25
      30
      29
      23
      25
      23
      34
      28
      30
      25
      29
      33
      22
      20
      29
      18
      20
      20
      14
      24
      24
      25
      22
      22
      27
      32
      26
      19
      18
      21
      35
      34
      22
      27
      17
      24
      24
      26
      28
      21
      20
      24
      26
      34
      23
      22
      21
      23
      27
      23
      30
      24
      22
      15
      28
      23
      29
      24
      17
      33
      18
      29
      11
      26
      22
      19
      25
      27
      31
      29
      31
      28
      18
      25
      20
      29
      25
      16
      22
      26
      18
      26
      28
      28
      23
      30
      23
      16
      28
      24
      26
      18
      20
      18
      25
      20
      22
      23
      23
      14
      12
      33
      18
      24
      16
      28
      18
      19
      28
      13
      27
      25
      24
      26
      13
      13
      26
      23
      27
      16
      18
      18
      27
      16
      15
      27
      22
      18
      17
      23
      24
      19
      20
      22
      22
      24
      26
      28
      28
      22
      17
      19
      27
      22
      27
      11
      30
      28
      18
      28
      19
      20
      24
      17
      17
      17
      24
      17
      22
      20
      27
      15
      20
      18
      21
      24
      23
      31
      22
      19
      13
      16
      26
      24
      23
      16
      19
      28
      17
      24
      22
      23
      24
      21
      14
      16
      28
      22
      17
      19
      23
      31
      17
      16
      28
      19
      18
      25
      18
      25
      20
      22
      20
      23
      15
      25
      18
      19
      27
      19
      23
      12
      20
      19
      17
      15
      15
      22
      19
      20
      31
      14
      18
      20
      21
      23
      22
      20
      23
      21
      10
      22
      24
      21
      18
      22
      18
      30
      20
      20
      26
      13
      17
      21
      19
      30
      20
      30
      15
      19
      20
      19
      17
      17
      15
      27
      21
      16
      23
      18
      15
      19
      12
      18
      20
      18
      19
      18
      22
      18
      25
      30
      15
      21
      13
      19
      21
      22
      15
      14
      19
      22
      15
      19
      23
      17
      26
      27
      27
      24
      21
      20
      21
      20
      20
      16
      26
      20
      15
      18
      15
      20
      28
      15
      24
      16
      18
      19
      26
      11
      20
      20
      21
      27
      23
      27
      13
      18
      19
      24
      28
      23
      18
      15
      23
      17
      21
      19
      21
      14
      16
      21
      19
      20
      23
      17
      28
      23
      20
      14
      15
      19
      18
      17
      16
      20
      16
      18
      15
      21
      21
      21
      22
      25
      22
      33
      17
      20
      21
      21
      18
      20
      17
      14
      23
      18
      20
      15
      20
      11
      23
      21
      24
      15
      14
      22
      20
      21
      29
      23
      25
      14
      13
      20
      21
      14
      20
      22
      26
      21
      18
      21
      20
      15
      19
      29
      22
      20
      20
      24
      24
      18
      22
      21
      26
      22
      20
      23
      25
      22
      27
      26
      18
      19
      21
      17
      27
      27
      28
      39
      25
      32
      28
      34
      40
      46
      37
      37
      57
      59
      52
      61
      62
      69
      79
     106
      99
     118
      98
     147
     181
     162
     240
     304
     381
     421
     443
     446
     409
     417
     338
     326
     249
     166
     120
      73
      48
      31
      34
      21
      21
      18
      20
      21
      12
      20
      18
      24
      18
      18
      12
      14
      14
      19
      17
       9
      23
      19
      19
      18
      16
      12
      15
       9
      14
      22
      12
      18
      14
      15
      18
      20
      13
      13
      19
      10
      10
      12
      13
      23
      21
      21
      19
      13
      21
      17
      12
      20
      12
      16
      10
      24
      21
      12
      19
      20
      16
      26
      23
      21
      14
      13
      21
      14
      23
      15
      15
      20
      11
      19
      14
       7
      15
      18
      14
      22
      14
      16
      22
      13
      19
      14
      21
      10
      14
      19
      16
      12
      17
      16
      18
      14
      14
      16
      17
      14
       8
      14
      16
      26
      12
      17
      15
      16
      11
      16
      18
      21
      15
      19
      14
      17
      14
      14
      22
      14
      23
      22
       5
       8
      10
      16
      14
      12
      20
      14
      25
      12
      20
      16
      21
      13
      16
      20
      12
      21
      19
      17
      13
       9
      18
      13
      14
      15
      15
      11
      15
      11
      22
      20
      19
      20
      17
      17
      16
      16
      13
      18
      18
      12
      12
      16
      20
      16
      19
      18
      13
      17
      15
      15
      16
      17
      20
      18
      17
      15
       8
      13
      16
      13
      12
      12
      21
      14
      13
      13
      12
      20
      18
      17
      12
      16
      15
      14
      14
      14
      18
      22
      19
      15
      18
      21
      18
      15
      27
      20
      21
      19
      18
      14
      21
      13
      18
       9
      13
      20
      20
      18
      15
      14
      12
       6
      20
      12
      19
      18
      12
      19
      18
      21
      17
      16
      17
      17
      21
      15
      20
      16
      20
      18
      17
      19
      24
      19
      14
      10
      17
      21
      26
      19
      15
      19
      25
      11
      16
      11
      19
      19
      13
      15
      12
      14
      18
       7
      12
      19
      21
      14
      14
      17
      16
      18
      11
      18
      16
      19
      14
       5
      22
      13
      15
      15
      13
       9
      16
      11
      16
      18
      10
      15
      15
      16
      19
      19
      19
      15
      12
      20
      21
      16
      13
      19
      18
      20
      14
      13
      12
      10
      13
      15
      11
      15
      18
      17
       8
      15
      14
      12
       7
      18
      16
      15
      16
      12
      26
      19
      17
      19
      18
      15
       6
      10
      14
      16
      19
      11
      16
      15
       9
      15
      18
      14
      17
      15
      13
      15
       7
      23
      13
       6
      17
      14
      11
      22
      21
      13
      15
      19
      17
      16
      14
      15
      15
      17
      12
       6
      12
      28
      12
      19
      19
      25
      14
      14
      11
      16
      11
      14
      21
      20
       7
      13
      20
      23
      13
      11
      10
      13
      20
      18
      21
      13
      16
      16
      12
      14
      13
      15
      14
      18
      11
      21
      13
       7
      14
      18
       8
      14
      11
      15
      14
      19
      20
      15
      14
      19
      13
      16
      11
      12
      21
      25
      13
      10
      15
      15
      16
      13
       8
      11
      15
      14
      12
      13
      16
      13
      11
      18
      19
      12
      16
      13
      14
      13
       8
      13
      15
       8
      12
      13
      20
      12
      16
      21
      14
      17
      18
      14
      15
      11
      18
      11
      17
      12
      15
      15
      16
      10
      15
      12
      10
      14
      18
       8
       5
      16
      18
      14
      12
      18
      11
      16
      15
      19
       6
      15
      15
       8
      12
       8
      14
      13
      11
      17
      15
      16
      14
      16
      13
      21
      11
      16
      21
       8
      15
      21
      12
      25
      12
      14
      18
      18
      18
       7
      12
      19
      14
       7
       9
      11
      16
      16
      13
      20
      15
      18
       9
      15
      21
      16
      12
      18
      13
      19
      13
      11
      16
       9
      19
      15
      14
      17
      18
      21
      13
      11
      13
      10
      14
      14
      17
       9
      20
      23
       6
      10
      16
      22
      12
      10
      26
      14
      13
      13
      15
      16
      13
      15
      17
      14
      20
      13
      18
      23
      26
      14
      11
      16
      15
       9
      17
       9
      11
      18
      21
      11
      15
      12
       7
      20
      19
      18
      12
      12
      16
      19
      15
      18
      19
      17
      18
      10
      20
      18
      14
      15
      14
       8
      22
      18
      13
      11
      10
       7
      17
      17
      13
      27
      12
      17
      19
      17
      17
      13
      17
      15
      10
      10
      17
      12
      10
      15
      18
      14
      11
      15
      13
      20
      10
      11
      10
      19
      14
      14
      11
      10
      10
      12
      11
      10
      18
      13
       8
       9
      14
      14
      11
       9
      13
      13
      16
      17
      15
      19
      17
      12
      10
      11
      17
      20
      16
      13
      14
      17
      17
      12
      22
      12
      15
      15
      16
      10
      20
      14
      17
      11
       5
      16
      18
      17
      14
      11
       4
      12
      22
      13
      16
      14
      12
      10
       9
      14
      18
       7
      20
      11
      16
      17
      10
      18
      15
      13
      27
      14
      20
      11
       7
      19
      14
      12
       9
      18
       8
      11
       9
      20
      14
      14
      10
      14
      16
      14
      20
      11
      12
       6
      10
      12
      11
      13
      12
      19
      12
      21
      16
      10
      11
      15
      20
      12
      15
       9
      12
      16
      13
      16
      14
      14
      13
       8
      12
      14
      18
      13
      11
      14
      11
      15
      21
       8
      17
      16
      19
      18
      10
      15
      18
      16
      22
      24
      12
      15
      17
      16
      16
      13
      15
      11
      17
       8
      14
      12
      13
      16
      17
      10
      10
      16
      16
      16
      12
      15
      14
      14
      22
       8
      15
      15
      12
       8
      10
      20
      18
      11
      17
       4
      17
      12
      18
      15
      24
      19
      10
       9
      12
      11
      13
      20
      15
      15
      16
       9
       9
      10
      19
      13
      11
       7
      17
      19
      15
      17
      14
      16
      17
      17
      13
      16
       5
      15
      12
      14
       9
      18
      24
       9
      18
      20
      18
      15
      20
      10
      13
      20
      14
      14
      17
      14
      13
      17
      12
      11
      13
      15
      11
      10
      19
      16
      12
      15
      16
      11
      43
      57
      58
      54
      58
      57
      64
      52
      60
      54
      44
      61
      57
      50
      48
      56
      50
      61
      45
      64
      64
      53
      44
      42
      69
      50
      48
      48
      50
      49
      53
      50
      47
      65
      51
      42
      54
      49
      51
      50
      59
      55
      58
      42
      45
      63
      41
      50
      51
      43
      42
      44
      60
      42
      38
      38
      52
      47
      42
      42
      39
      41
      53
      51
      58
      47
      43
      46
      47
      45
      40
      30
      40
      57
      43
      48
      38
      35
      45
      50
      40
      43
      54
      46
      31
      52
      43
      36
      51
      43
      51
      42
      47
      46
      37
      42
      44
      47
      48
      42
      45
      43
      53
      31
      33
      37
      35
      46
      27
      43
      30
      43
      31
      39
      28
      45
      31
      30
      31
      29
      38
      39
      36
      49
      48
      34
      45
      39
      24
      40
      38
      20
      39
      44
      37
      31
      42
      32
      48
      27
      35
      32
      41
      40
      32
      29
      32
      36
      41
      48
      32
      40
      30
      28
      37
      26
      38
      44
      33
      28
      29
      39
      32
      32
      30
      26
      18
      32
      35
      33
      30
      35
      34
      28
      25
      25
      21
      24
      29
      28
      32
      30
      38
      21
      15
$ROI:
0
$PRESETS:
None
0
0
$ENER_FIT:
16.556314 0.367628
$MCA_CAL:
3
1.655631E+001 3.676284E-001 -9.143010E-008 keV
$SHAPE_CAL:
3
0.000000E+000 0.000000E+000 0.000000E+000
