$SPEC_ID:
No sample description was entered.
$SPEC_REM:
DET# 1
DETDESC# BETA MCB 129 Input 1
AP# GammaVision Version 6.09
$DATE_MEA:
07/03/2014 12:04:56
$MEAS_TIM:
80000 80017
$DATA:
0 8191
       0
       0
       0
       0
       0
       0
       0
       0
       0
       0
       0
       0
       0
       0
       0
       0
       0
       0
       0
       0
       0
       0
       0
       0
       0
       0
       0
       0
       0
       0
       0
       0
       0
       0
       0
       0
       0
       0
       0
       0
       0
       1
      38
      37
      41
      22
      62
      90
      95
     118
     176
     204
     205
     204
     193
     171
     159
     190
     181
     179
     224
     208
     216
     187
     195
     154
     172
     155
     160
     156
     149
     171
     142
     145
     135
     143
     153
     163
     163
     143
     150
     148
     148
     139
     155
     153
     130
     156
     129
     143
     129
     139
     167
     143
     132
     122
     123
     132
     118
     133
     117
     113
     117
     132
     133
     132
     149
     120
     121
     141
     145
     137
     130
     123
     163
     136
     114
     140
     142
     149
     145
     180
     206
     186
     149
     126
     123
     127
     106
     124
     142
     118
     129
     141
     116
     122
     144
     149
     118
     132
     146
     141
     105
     124
     139
     128
     148
     141
     128
     120
     128
     132
     133
     134
     135
     137
     139
     124
     137
     137
     133
     164
     137
     157
     174
     219
     254
     230
     190
     152
     130
     132
     138
     163
     143
     168
     175
     170
     136
     143
     154
     176
     155
     134
     165
     164
     161
     183
     152
     172
     183
     191
     229
     180
     163
     194
     278
     302
     286
     212
     182
     178
     199
     214
     194
     157
     138
     148
     153
     143
     164
     152
     143
     136
     167
     153
     161
     142
     191
     174
     174
     185
     206
     223
     189
     196
     169
     172
     169
     170
     185
     178
     185
     176
     154
     150
     161
     192
     178
     156
     156
     177
     228
     341
     373
     344
     292
     175
     158
     187
     149
     135
     139
     166
     168
     165
     166
     133
     144
     168
     136
     161
     152
     144
     150
     182
     153
     157
     149
     153
     140
     150
     147
     174
     184
     145
     146
     151
     141
     135
     159
     141
     149
     136
     138
     166
     166
     163
     148
     139
     154
     141
     172
     172
     129
     161
     129
     165
     165
     166
     154
     153
     163
     168
     161
     169
     161
     151
     134
     143
     146
     152
     156
     155
     109
     160
     160
     128
     162
     167
     137
     154
     188
     168
     138
     159
     128
     140
     155
     161
     162
     183
     171
     160
     156
     143
     144
     177
     160
     127
     195
     146
     163
     138
     155
     159
     149
     147
     174
     157
     152
     130
     132
     173
     165
     143
     161
     180
     145
     146
     162
     138
     160
     154
     163
     145
     163
     149
     159
     147
     151
     152
     137
     157
     123
     138
     145
     136
     186
     206
     188
     164
     154
     140
     132
     153
     159
     140
     131
     143
     141
     125
     156
     129
     171
     160
     151
     147
     171
     146
     135
     156
     127
     146
     144
     129
     140
     159
     144
     148
     146
     155
     150
     169
     138
     163
     129
     142
     155
     163
     142
     128
     126
     127
     157
     151
     147
     139
     154
     134
     162
     162
     152
     137
     144
     121
     140
     138
     140
     135
     111
     154
     112
     150
     123
     150
     158
     167
     142
     138
     140
     145
     124
     138
     146
     132
     129
     139
     140
     122
     133
     164
     155
     124
     139
     150
     130
     131
     113
     135
     137
     118
     130
     137
     132
     130
     150
     125
     133
     129
     137
     142
     139
     129
     135
     127
     140
     168
     156
     306
     336
     281
     169
     131
     131
     146
     142
     119
     147
     125
     130
     109
     145
     126
     118
     121
     130
     126
     119
     108
     122
     119
     125
     135
     150
     122
     109
     124
     143
     117
     119
     124
     111
     132
     118
     126
     136
     130
     122
     120
     119
     133
     112
     120
     139
     138
     115
     112
     130
     112
     123
     132
     141
     129
     133
      99
     114
     135
     113
     137
      94
     119
     146
     112
     135
     139
     116
     102
     112
     122
     114
     114
     144
     113
     110
     121
     116
     130
     118
     134
     137
     119
     123
     126
     112
     104
     103
     133
     121
     127
     124
     117
     111
     130
     131
     125
     126
     102
     129
     117
     110
     120
     130
     135
     105
     123
     124
     113
     127
     118
     121
     107
     144
     109
     134
     127
     114
     128
     113
     114
     140
     118
     103
     147
      99
     106
     122
     107
     134
     108
      97
     101
     120
     122
     111
     132
     133
     159
     193
     280
     334
     248
     164
     138
     109
     129
     119
     133
     132
     129
     127
     110
     116
     106
     114
     108
     102
     125
     104
     102
     110
     100
     110
     100
      94
      99
      99
     103
      96
      93
     110
      99
     105
     100
     104
      95
      94
     100
      97
     114
     100
      88
     108
     107
     104
     106
     106
     104
      95
      87
     112
     106
      97
      95
     115
      95
     104
      91
      99
      99
     100
      99
     117
     101
     110
      99
      96
     100
     100
     100
      90
      86
      78
      87
     104
      97
     114
      92
      84
      86
      96
     104
      95
     112
     104
      99
     100
     101
      91
     100
      86
     110
      95
      98
      93
      85
      83
      90
      82
      83
     100
     105
      97
     106
      82
      85
      78
      87
      81
      83
      95
      82
      89
      75
      75
      99
      91
     105
      90
      89
      77
      88
      75
      76
      83
      64
      83
      95
      90
      81
     106
      76
      91
     100
      94
     103
      85
      68
      84
      83
      77
      81
      82
      74
      81
      72
      71
     109
     120
     127
     131
      99
     100
      84
      82
      84
      71
      95
      89
      94
      84
      97
     105
      81
      84
      86
      87
      67
      85
      71
      83
      79
      95
      69
      76
      81
      70
      81
      69
      76
      80
      86
      89
      71
      79
      71
      82
      69
      92
      69
      71
      68
      81
      78
      80
      85
      72
      68
      79
      65
      70
      72
      66
      68
      84
      75
      86
      81
      87
      70
      74
      91
      84
      78
      88
      65
      70
      62
      83
      84
      75
      89
      51
      79
      75
      81
      83
      66
      68
      74
      89
      79
      86
      68
      76
      71
      88
      75
      87
      71
      71
      65
      71
      61
      68
      75
      68
      73
      76
      88
      76
      85
      60
      57
      60
      84
      62
      78
      77
      82
      73
      91
     113
     110
      99
      78
      72
      81
      74
      64
      58
      74
      81
      73
      75
      73
      58
      63
      77
      64
      75
      74
      65
      56
      61
      66
      60
      66
      64
      60
      64
      58
      55
      67
      70
      53
      75
     101
     141
     175
     141
     102
      67
      76
      65
      55
      70
      59
      55
      72
      59
      53
      65
      70
      55
      64
      65
      61
      70
      75
      62
      53
      62
      75
      56
      58
      58
      64
      64
      70
      53
      68
      59
      48
      56
      72
      55
      68
      53
      54
      58
      72
      65
      68
      56
      57
      63
      69
      58
      63
      57
      67
      63
      56
      67
      60
      57
      63
      50
      52
      54
      60
      66
      67
      53
      67
      50
      65
      50
      62
      70
      60
      64
      52
      53
      70
      57
      65
      51
      63
      58
      61
      47
      57
      53
      51
      50
      53
      66
      63
      74
      54
      56
      53
      66
      63
      54
      55
      55
      64
      48
      67
      66
      66
      49
      60
      49
      61
      48
      53
      63
      63
      50
      64
      61
      51
      48
      58
      66
      49
      53
      60
      46
      55
      50
      58
      61
      50
      60
      42
      56
      40
      59
      59
      65
      46
      67
      54
      60
      51
      68
      63
      51
      49
      56
      39
      43
      55
      61
      60
      61
      58
      62
      49
      53
      58
      58
      47
      53
      60
      51
      65
      51
      55
      45
      47
      45
      37
      53
      53
      52
      52
      48
      46
      54
      45
      41
      49
      41
      51
      50
      54
      48
      44
      54
      43
      66
      67
      46
      59
      50
      63
      57
      37
      46
      43
      44
      49
      60
      61
      57
      56
      34
      48
      51
      52
      59
      50
      58
      53
      49
      48
      61
      53
      35
      43
      56
      48
      50
      43
      44
      41
      53
      44
      42
      49
      43
      67
      62
      48
      63
      55
      53
      50
      33
      61
      67
      51
      46
      54
      51
      50
      46
      63
      49
      51
      50
      49
      55
      41
      56
      45
      44
      47
      44
      47
      47
      51
      50
      52
      38
      44
      43
      65
      34
      52
      52
      46
      45
      46
      50
      43
      45
      47
      39
      49
      44
      56
      50
      51
      52
      60
      36
      44
      55
      56
      46
      58
      51
      33
      50
      52
      58
      55
      58
      47
      42
      49
      41
      49
      42
      45
      33
      60
      49
      50
      39
      48
      45
      51
      42
      32
      48
      52
      45
      46
      38
      51
      52
      62
      38
      52
      47
      55
      41
      32
      42
      41
      51
      50
      47
      53
      42
      43
      46
      41
      44
      49
      44
      37
      48
      38
      42
      44
      35
      33
      46
      44
      45
      49
      38
      41
      41
      45
      45
      44
      45
      54
      53
      51
      40
      37
      54
      58
      47
      41
      38
      54
      37
      58
      53
      56
      36
      49
      48
      53
      45
      38
      38
      54
      37
      47
      41
      42
      36
      48
      53
      55
      47
      56
      48
      44
      34
      50
      41
      50
      46
      33
      48
      55
      51
      40
      55
      52
      39
      43
      37
      45
      51
      40
      55
      55
      62
      83
     114
     157
     209
     234
     279
     258
     254
     233
     157
     120
      77
      67
      58
      50
      50
      45
      45
      43
      41
      39
      37
      37
      57
      37
      43
      46
      47
      35
      36
      39
      33
      36
      39
      57
      38
      32
      32
      34
      33
      30
      46
      51
      40
      26
      41
      56
      34
      28
      38
      37
      43
      52
      46
      42
      41
      41
      34
      32
      36
      36
      31
      42
      38
      43
      40
      37
      43
      31
      44
      41
      55
      50
      40
      41
      37
      25
      41
      38
      39
      43
      34
      37
      53
      30
      43
      47
      37
      38
      38
      41
      29
      40
      46
      36
      34
      35
      40
      40
      33
      31
      45
      38
      40
      38
      43
      23
      43
      40
      33
      46
      42
      43
      40
      42
      42
      32
      33
      39
      41
      29
      36
      31
      27
      42
      37
      34
      33
      31
      44
      37
      30
      33
      38
      46
      28
      27
      39
      48
      47
      48
      49
      36
      30
      38
      31
      40
      46
      31
      42
      33
      36
      38
      44
      31
      37
      39
      43
      34
      31
      28
      39
      52
      44
      39
      48
      40
      22
      39
      32
      28
      35
      32
      44
      35
      35
      30
      25
      32
      41
      45
      36
      28
      36
      47
      43
      37
      38
      43
      40
      41
      39
      28
      38
      60
      91
      93
      99
      86
      57
      43
      30
      51
      23
      41
      36
      33
      46
      42
      32
      42
      39
      48
      35
      32
      33
      36
      35
      35
      45
      41
      41
      36
      40
      29
      33
      40
      40
      38
      36
      37
      39
      36
      36
      32
      43
      29
      34
      37
      31
      33
      36
      36
      36
      28
      30
      29
      35
      34
      29
      38
      35
      49
      44
      38
      39
      40
      49
      38
      27
      42
      24
      46
      58
     105
     119
     128
      87
      58
      36
      30
      29
      46
      41
      34
      29
      29
      38
      41
      29
      43
      46
      29
      37
      41
      35
      35
      27
      33
      34
      25
      33
      26
      35
      40
      32
      29
      36
      33
      32
      40
      35
      35
      36
      27
      28
      36
      31
      36
      35
      32
      39
      31
      46
      34
      40
      33
      29
      33
      29
      33
      25
      41
      31
      42
      41
      45
      30
      20
      44
      36
      26
      40
      35
      34
      34
      33
      30
      37
      25
      39
      36
      20
      34
      28
      35
      36
      49
      37
      33
      34
      24
      28
      26
      37
      38
      45
      35
      28
      30
      24
      36
      31
      27
      30
      36
      24
      36
      21
      24
      43
      21
      29
      34
      32
      34
      30
      31
      37
      32
      43
      37
      37
      31
      31
      39
      36
      36
      39
      24
      36
      37
      36
      33
      25
      34
      35
      29
      42
      41
      37
      58
     103
     111
     116
      74
      56
      52
      40
      33
      26
      33
      34
      30
      40
      34
      22
      37
      35
      32
      40
      25
      26
      27
      23
      25
      44
      34
      30
      23
      25
      36
      38
      29
      23
      30
      23
      27
      28
      33
      33
      25
      36
      32
      23
      27
      36
      40
      38
      39
      45
      34
      23
      28
      35
      38
      25
      34
      30
      30
      26
      44
      30
      36
      31
      25
      33
      29
      32
      30
      32
      32
      26
      35
      27
      37
      29
      29
      25
      42
      38
      24
      42
      37
      39
      31
      27
      20
      33
      36
      27
      25
      29
      34
      35
      34
      34
      23
      32
      25
      35
      28
      33
      35
      36
      21
      27
      42
      30
      36
      22
      28
      22
      33
      39
      44
      36
      28
      31
      31
      34
      27
      21
      32
      36
      38
      25
      41
      36
      38
      43
      26
      29
      19
      30
      30
      40
      25
      34
      29
      19
      43
      25
      43
      38
      32
      27
      27
      29
      36
      23
      28
      27
      27
      39
      36
      39
      31
      33
      39
      20
      29
      31
      29
      29
      21
      24
      23
      25
      30
      18
      23
      20
      37
      38
      40
      47
      38
      43
      35
      28
      24
      21
      35
      31
      34
      31
      26
      28
      29
      32
      31
      28
      33
      35
      27
      24
      27
      33
      37
      26
      37
      34
      23
      31
      31
      24
      27
      27
      24
      33
      26
      29
      25
      28
      31
      34
      27
      31
      27
      37
      24
      32
      22
      37
      24
      28
      30
      27
      31
      33
      26
      26
      28
      33
      27
      23
      26
      28
      33
      40
      32
      21
      22
      22
      32
      25
      24
      31
      31
      34
      25
      28
      26
      30
      31
      23
      32
      30
      36
      33
      24
      30
      27
      26
      25
      26
      30
      37
      26
      29
      21
      31
      25
      28
      35
      38
      27
      32
      28
      25
      26
      26
      39
      32
      33
      40
      35
      33
      38
      31
      27
      20
      23
      26
      39
      33
      34
      26
      25
      24
      27
      27
      30
      38
      22
      29
      27
      23
      34
      34
      26
      26
      32
      28
      25
      41
      27
      32
      32
      19
      27
      29
      36
      21
      30
      36
      21
      27
      42
      16
      37
      43
      31
      32
      29
      35
      21
      29
      24
      37
      19
      22
      32
      28
      21
      27
      34
      32
      31
      32
      22
      37
      24
      30
      38
      45
      38
      44
      26
      35
      20
      35
      24
      25
      20
      28
      30
      29
      19
      29
      30
      30
      26
      30
      25
      41
      27
      41
      34
      26
      38
      33
      25
      33
      36
      21
      33
      31
      27
      18
      30
      26
      25
      23
      33
      23
      27
      27
      36
      29
      21
      35
      38
      28
      23
      20
      24
      33
      23
      35
      38
      28
      26
      28
      26
      23
      24
      19
      31
      26
      24
      24
      20
      28
      28
      18
      35
      28
      35
      35
      33
      33
      21
      32
      26
      28
      34
      39
      26
      24
      20
      19
      41
      28
      36
      32
      21
      24
      26
      34
      25
      28
      27
      26
      26
      29
      26
      31
      29
      26
      30
      29
      31
      23
      27
      24
      29
      21
      34
      29
      33
      23
      25
      40
      23
      35
      23
      18
      22
      26
      23
      24
      24
      29
      24
      32
      36
      22
      18
      30
      19
      21
      31
      24
      19
      22
      32
      26
      28
      32
      22
      29
      27
      29
      33
      21
      28
      27
      27
      25
      30
      32
      30
      26
      39
      23
      25
      26
      24
      29
      29
      23
      27
      26
      39
      28
      43
      41
      30
      31
      36
      33
      23
      26
      27
      39
      26
      22
      28
      29
      21
      24
      28
      32
      35
      24
      27
      29
      31
      31
      36
      25
      30
      13
      31
      40
      35
      22
      20
      26
      23
      26
      29
      32
      36
      19
      27
      23
      29
      28
      28
      27
      31
      26
      37
      31
      27
      26
      33
      21
      32
      28
      24
      26
      23
      40
      32
      25
      24
      28
      27
      33
      37
      28
      32
      25
      27
      19
      29
      24
      18
      33
      30
      32
      30
      26
      28
      38
      27
      37
      29
      30
      21
      27
      23
      25
      26
      31
      20
      25
      27
      25
      27
      20
      22
      31
      26
      24
      34
      29
      32
      26
      23
      28
      22
      14
      26
      35
      20
      23
      27
      28
      29
      33
      37
      33
      28
      24
      32
      30
      26
      30
      31
      23
      26
      23
      34
      33
      48
      52
      60
      63
      70
      51
      40
      41
      25
      21
      22
      30
      29
      32
      28
      26
      38
      22
      29
      23
      30
      26
      21
      34
      24
      31
      25
      22
      35
      26
      32
      22
      24
      28
      31
      28
      30
      32
      25
      25
      28
      26
      26
      32
      32
      30
      25
      24
      26
      23
      28
      26
      31
      30
      27
      26
      13
      28
      28
      25
      26
      22
      30
      34
      39
      36
      30
      28
      24
      25
      22
      24
      35
      26
      36
      34
      30
      24
      31
      27
      30
      24
      32
      28
      29
      31
      25
      29
      25
      21
      28
      24
      39
      32
      31
      31
      22
      20
      35
      29
      27
      31
      32
      31
      30
      43
      38
      45
      35
      25
      31
      30
      35
      33
      24
      40
      26
      27
      30
      25
      34
      27
      38
      22
      25
      34
      26
      28
      30
      24
      25
      32
      21
      22
      22
      31
      25
      19
      35
      29
      31
      34
      33
      32
      36
      39
      36
      33
      32
      22
      39
      24
      25
      52
      34
      47
      50
      46
      39
      44
      26
      29
      27
      38
      24
      34
      31
      25
      24
      17
      27
      26
      19
      18
      33
      22
      22
      30
      30
      23
      38
      26
      29
      32
      33
      32
      34
      29
      32
      25
      25
      27
      25
      37
      20
      32
      25
      30
      24
      26
      22
      29
      20
      21
      30
      28
      25
      38
      32
      27
      25
      35
      32
      39
      24
      25
      36
      28
      30
      20
      29
      18
      18
      26
      32
      27
      31
      19
      34
      22
      28
      28
      27
      22
      32
      26
      24
      19
      32
      36
      42
      44
      33
      34
      32
      27
      24
      27
      27
      34
      24
      23
      35
      30
      29
      26
      19
      29
      27
      33
      29
      16
      26
      30
      26
      26
      30
      23
      26
      24
      26
      35
      21
      32
      22
      37
      31
      20
      28
      23
      24
      31
      22
      34
      13
      22
      22
      27
      26
      33
      29
      22
      23
      29
      27
      23
      31
      41
      26
      25
      33
      30
      30
      37
      22
      29
      20
      16
      23
      25
      21
      28
      32
      31
      24
      26
      33
      28
      22
      21
      28
      29
      21
      26
      20
      34
      25
      23
      26
      29
      15
      33
      21
      33
      21
      26
      29
      27
      22
      30
      29
      33
      30
      32
      27
      25
      32
      25
      16
      34
      25
      29
      30
      19
      20
      20
      21
      22
      42
      32
      33
      26
      27
      27
      18
      29
      24
      29
      32
      25
      28
      27
      26
      22
      27
      40
      25
      32
      26
      29
      34
      20
      22
      32
      29
      32
      28
      23
      25
      23
      33
      21
      27
      31
      22
      32
      30
      38
      19
      22
      37
      33
      33
      27
      33
      31
      29
      32
      23
      30
      28
      44
      31
      20
      24
      28
      22
      21
      35
      35
      24
      30
      41
      24
      34
      24
      25
      32
      16
      23
      25
      27
      26
      21
      29
      21
      40
      39
      26
      30
      28
      23
      30
      17
      33
      35
      29
      32
      20
      24
      28
      29
      23
      28
      27
      29
      19
      30
      21
      27
      31
      23
      16
      25
      28
      27
      36
      31
      22
      36
      30
      29
      38
      25
      32
      24
      33
      40
      26
      30
      26
      29
      21
      28
      31
      19
      23
      34
      25
      37
      25
      25
      34
      25
      32
      30
      31
      18
      30
      26
      23
      34
      38
      30
      29
      33
      26
      26
      28
      35
      26
      25
      31
      24
      23
      23
      27
      30
      34
      24
      37
      31
      30
      25
      34
      29
      40
      32
      29
      33
      34
      26
      31
      25
      33
      29
      35
      29
      30
      26
      22
      26
      28
      26
      20
      34
      36
      24
      32
      32
      34
      37
      32
      41
      51
      67
      52
      53
      38
      35
      35
      28
      25
      22
      32
      33
      27
      27
      31
      29
      26
      39
      25
      34
      34
      40
      39
      25
      36
      34
      35
      18
      35
      31
      32
      29
      37
      27
      34
      34
      29
      39
      29
      39
      36
      29
      24
      25
      29
      32
      36
      39
      31
      36
      28
      25
      30
      36
      30
      26
      30
      34
      23
      39
      40
      37
      42
      28
      28
      30
      33
      28
      27
      25
      29
      29
      26
      29
      30
      23
      31
      23
      38
      26
      40
      35
      32
      36
      31
      38
      24
      29
      29
      33
      29
      29
      34
      30
      40
      24
      16
      33
      31
      28
      33
      35
      16
      26
      27
      38
      24
      39
      32
      30
      25
      28
      24
      31
      25
      29
      36
      36
      26
      32
      26
      32
      32
      41
      30
      26
      23
      39
      32
      28
      27
      27
      34
      35
      32
      35
      33
      50
      60
      83
      91
      89
      82
      64
      47
      50
      35
      37
      33
      38
      22
      41
      30
      28
      37
      29
      36
      24
      31
      34
      43
      33
      36
      20
      38
      23
      34
      25
      39
      33
      43
      41
      30
      30
      40
      33
      39
      31
      31
      35
      28
      47
      28
      28
      40
      32
      37
      28
      31
      33
      37
      31
      41
      27
      42
      38
      35
      31
      30
      27
      39
      47
      32
      31
      40
      36
      37
      26
      40
      37
      39
      40
      30
      41
      33
      37
      28
      33
      27
      38
      32
      31
      42
      41
      33
      41
      35
      42
      30
      33
      29
      41
      45
      32
      30
      30
      35
      44
      34
      47
      31
      32
      32
      31
      36
      29
      36
      31
      36
      31
      32
      54
      29
      42
      43
      54
      43
      31
      38
      37
      39
      38
      40
      39
      29
      46
      18
      45
      44
      37
      31
      28
      36
      37
      35
      29
      35
      42
      34
      49
      45
      33
      46
      31
      34
      40
      29
      41
      34
      39
      31
      32
      45
      36
      39
      46
      53
      30
      41
      38
      41
      38
      36
      35
      31
      26
      37
      37
      37
      34
      48
      43
      47
      41
      27
      47
      36
      32
      35
      38
      27
      31
      34
      30
      37
      36
      36
      36
      29
      29
      25
      27
      19
      22
      31
      27
      31
      33
      32
      23
      20
      21
      26
      20
      19
      23
      20
      25
      36
      30
      31
      21
      24
      23
      23
      17
      28
      20
      27
      29
      37
      36
      24
      33
      27
      22
      29
      18
      38
      22
      17
      30
      31
      15
      20
      25
      27
      18
      25
      25
      25
      25
      27
      27
      17
      27
      19
      27
      25
      21
      26
      15
      27
      17
      29
      13
      15
      25
      22
      28
      24
      20
      30
      27
      20
      26
      28
      20
      35
      26
      23
      33
      23
      28
      28
      24
      20
      27
      28
      26
      15
      25
      22
      26
      14
      19
      23
      19
      19
      21
      16
      18
      23
      21
      25
      14
      23
      19
      17
      18
      23
      21
      22
      20
      23
      22
      19
      21
      24
      17
      19
      17
      19
      19
      29
      21
      26
      23
      19
      20
      20
      19
      16
      25
      24
      13
      17
      19
      21
      10
      20
      19
      18
      16
      13
      20
      22
      21
      23
      18
      20
      21
      20
      18
      16
      15
      29
      23
      13
      16
      28
      22
      18
      23
      18
      17
      25
      20
      28
      14
      17
      18
      14
      17
      17
      12
      11
      16
      22
      19
      18
      17
      14
      18
      23
      13
      24
      22
      16
      13
      16
      15
      25
      13
      15
      10
      15
      13
      18
      23
      18
      22
      13
      13
      17
      20
      16
      10
      21
      13
      14
      23
      19
      14
      17
      15
      15
      23
      18
      15
      14
      18
      11
      19
      18
      15
      23
      31
      42
      49
      83
      71
      68
      62
      29
      22
      20
      19
      16
       9
      15
      10
      15
      18
      11
      17
      17
      12
      16
       7
      10
      16
      14
      10
      10
      14
      14
       8
      14
       6
      14
      23
       9
      19
       8
      16
      14
      17
      11
      15
      11
      10
      13
      12
      15
      19
      11
      13
      14
      13
      16
      14
      15
      11
      16
      12
      13
      14
      10
      15
      12
      13
      10
      12
      20
      11
      10
      17
      12
      10
       9
      16
      12
      11
       8
      11
      14
      14
       7
       9
      11
       5
      14
      10
      11
      12
      10
       9
      18
      11
      16
      11
       9
       4
       6
      17
      18
      10
      12
      10
      11
      10
      11
      16
       7
      13
       8
       8
      11
       7
      12
       7
       9
       7
       7
      10
      10
      14
      11
      20
      17
      16
      11
      14
      13
      12
      15
       9
      14
       6
       9
      13
       8
      10
      10
      15
       9
      10
      13
      16
      20
      10
      16
      13
       5
      13
      11
       8
       9
      11
      15
       5
      13
      10
       9
      13
       7
       7
       6
       4
       9
      11
       9
      14
      10
       5
      10
      18
       7
       7
       8
       6
       9
       8
      11
       4
      13
       7
      12
      12
       9
      11
      18
      10
      16
       7
      13
      12
      11
      14
      14
       7
       7
      13
       8
       7
      19
       6
       7
      11
      14
      15
       8
       8
       9
       4
      11
       9
       8
      14
      11
      11
       9
      13
      12
      11
       9
      10
      11
       8
      10
      11
      10
       8
       9
      13
      11
      10
       7
       8
      10
      11
      12
      11
      10
       9
      14
      17
      10
      11
      12
      15
      10
       5
      15
      13
      15
      11
      11
       9
       9
      12
       8
      13
      12
       6
       5
       3
      11
       8
      12
       5
       5
       6
      16
       5
       7
      13
      15
       7
       9
       8
       8
      10
       6
       9
      12
       7
      19
      12
      10
      10
      14
       8
      10
       7
       8
      12
      12
      15
       6
       8
      15
       8
      15
      16
      15
      12
       5
      13
      14
      10
      13
      12
       9
      16
      12
       6
       7
      12
      17
      18
      13
       7
      10
      10
      11
      10
      17
       9
      16
      15
       8
      10
      14
      10
      12
      22
      19
      14
      18
      13
      36
      66
     109
     262
     546
     941
    1537
    1997
    2086
    1875
    1383
     787
     410
     151
      42
      22
       9
       4
       5
       8
       2
       4
       4
       3
       8
       5
       2
       5
       7
       6
       8
       7
       7
       8
       6
       8
       5
       6
       6
       6
       4
       3
      10
       4
       6
       3
       3
       2
      12
       8
       4
       4
       4
       8
       9
      10
       6
       7
      12
       9
       8
       8
       3
       1
       4
       6
       4
       5
       9
       0
       4
       5
       2
       9
       5
      10
       9
       7
       7
       2
       4
       4
       6
       2
       3
       7
       9
       7
       4
       7
       3
       9
       8
       3
       9
       6
       2
       3
       9
       4
       9
       7
       4
       8
       7
       3
       3
       8
       9
       5
       5
       5
       7
       5
       3
       4
       2
       7
       4
       4
      10
       9
       6
       3
       7
       4
       3
       7
       3
       6
      10
       7
      10
      10
       9
       9
       7
      11
       5
       4
       6
      11
       4
       6
       6
       6
       5
       6
       6
       5
       8
       7
       4
       3
       6
       5
       6
       6
      10
       7
       6
       7
       5
       4
       1
       6
       1
       8
       5
      12
       5
       2
       4
       5
       4
       5
       7
       4
       5
       4
       3
       5
       4
       2
       3
       4
       4
       4
       6
       4
       1
       6
       4
       5
       2
       4
       8
       6
       9
       4
       3
       6
       8
       4
       3
       8
       2
       8
       6
       3
       9
       8
       9
      10
       4
       2
       4
       9
       5
       5
      10
       3
       6
       7
       4
      10
       3
      11
       6
       4
       3
       3
       8
       3
       2
       7
       8
       8
       7
       6
       7
       2
       9
       3
       3
       2
       3
       8
       7
       3
       2
       7
       2
       2
       6
       7
       5
       5
       8
       8
       2
       5
       4
       3
       6
       4
       7
       3
       3
       4
       1
       3
       6
       5
       7
       4
       4
       5
       5
       8
       4
       6
       9
      10
       6
       5
       8
       4
       8
       2
       5
       2
       8
       8
       7
       4
       5
       7
       7
       4
       4
       4
       1
       4
       4
       3
       6
       5
       4
       4
       9
       3
       6
       2
       4
       6
      10
       6
       8
       9
       7
       4
       4
       8
       4
       6
       6
      13
       6
       5
       8
       4
       6
       7
       8
       3
       5
       4
       6
       4
       7
      10
       7
      10
      13
       8
       9
      12
       4
       6
       7
       7
       2
       5
      10
       4
       9
      10
       7
      10
       5
       6
       3
       4
       2
       3
       5
       8
       7
      11
       2
       6
       7
       4
       7
       8
       2
       7
       2
       8
       9
       8
       7
       5
       3
       8
       4
       4
       5
       3
       1
       3
       1
       4
      10
       4
       3
       8
       6
       4
       4
       3
       2
       7
       5
       6
       4
       3
       6
       6
       4
       3
       4
       4
       3
       3
       2
       1
       5
       4
       2
       2
       3
       4
       7
       5
       9
       6
       6
       5
       9
       3
       8
       4
       7
      10
       7
       4
       4
       7
       6
       3
       5
       4
       2
       8
       2
       6
       4
       2
       5
       4
       4
       3
       6
       4
       9
       7
       9
       3
       7
       5
       5
       4
       3
       4
       6
       4
       4
       3
       5
       3
       5
       3
       5
       5
       3
       4
       6
       4
       4
       3
       3
       6
       8
       7
       6
       5
       3
       6
       2
       6
       7
       5
       4
       5
       6
       4
       3
       3
       2
       4
       6
       2
       3
       8
       6
       5
       5
       4
       5
       4
       7
       5
       5
       1
       5
       4
       5
       3
       6
       4
       4
       7
       4
       2
       2
       9
       4
       4
       8
       3
       1
       5
       3
       4
       5
       2
       7
       8
       5
       4
       3
       3
       5
       6
       9
       4
       2
       9
       8
       6
       6
       2
      10
       3
       2
       6
       4
       5
       3
       3
       9
       1
       5
       6
       4
       1
       6
       0
       2
       4
       2
       5
       8
       2
       6
       6
       5
       4
       5
       9
       3
       4
       8
       4
       5
       8
       6
       7
       1
       2
       3
       6
       2
      10
       2
       5
       3
       6
       9
       8
       6
       4
       1
       5
       2
       2
       6
       4
       1
       5
       3
       4
       8
       0
       7
       4
       4
       4
       7
       3
       4
       9
       4
       2
       2
       8
       4
       2
       5
       3
       4
       3
       4
       5
       5
       6
       4
       2
       5
       4
       4
       6
       0
       5
       1
       2
       5
       3
       5
       4
       4
       7
       1
       5
       3
       2
       4
       2
       3
       7
       9
       4
       6
       4
       8
       1
       2
       2
       5
       9
       4
       5
       7
       4
       5
       0
       2
       9
       4
       8
       5
       0
       6
       4
       5
       5
       7
       4
       5
       3
       5
       4
       4
       3
       3
       5
       2
      10
       1
       3
       4
       7
       8
       3
       4
       5
       1
       7
       5
       5
       4
       5
       5
      15
       6
      11
       7
       7
       8
       5
       3
       4
       2
       3
       3
       7
       7
       6
       3
       5
       3
       4
       1
       4
       3
       5
       4
       8
       8
       1
       2
       1
       2
       4
       4
       3
       1
       2
       4
       4
       3
       3
       3
       3
       5
       4
       6
       2
       4
       2
       3
       4
       3
       3
       3
       2
       4
       2
       4
       3
       5
       2
       6
       4
       8
       2
       2
       6
       3
       4
       1
       3
       3
       1
       4
       4
       8
       2
       5
       3
       3
       4
       0
       6
       1
       3
       2
       3
       5
       4
       4
       8
      10
      13
      15
      17
      26
      35
      38
      29
      16
      12
       6
       6
       5
       8
       1
       3
       2
       4
       4
       1
       4
       3
       4
       2
       4
       2
       1
       5
       4
       4
       4
       1
       2
       4
       5
       4
       1
       5
       1
       3
       3
       9
       3
       3
       5
       6
       2
       5
       4
       4
       2
       3
       3
       3
       3
       6
       2
       3
       5
       3
      10
       3
       2
       4
       3
       0
       6
       5
       4
       3
       3
       4
       3
       2
       7
       2
       5
       2
       3
       2
       4
       4
       5
       3
       1
       3
       3
       3
       1
       3
       1
       3
       5
       3
       6
       2
       4
       5
       2
       3
       6
       3
       3
       4
       3
       6
       2
       4
       2
       2
       1
       5
       5
       4
       6
       3
       2
       4
       3
       2
       5
       7
       4
       4
       6
       3
       2
       5
       2
       4
       0
       3
       5
       5
       1
       5
       1
       2
       6
       1
       5
       1
       5
       2
       3
       3
       6
       7
       6
       3
       2
       3
       4
       5
       4
       4
       3
       4
       3
       2
       3
       3
       4
       1
       4
       4
       7
       8
       3
       2
       8
       6
       5
       2
       7
       4
       1
       2
       2
       8
       3
       5
       0
       6
       2
       7
       8
       6
       6
       3
       2
       2
       3
       6
       2
       3
       3
       3
       3
       3
      10
       3
       6
       5
       3
       2
       2
       5
       2
       8
       4
       3
       5
       0
       5
       3
       6
       3
       3
       3
       5
       2
       7
      14
       5
       5
      13
      11
       6
       3
       3
       3
       2
       4
       1
       4
       3
       5
       1
       3
       3
       4
       1
       5
       2
       3
       0
       5
       4
       3
       4
       3
       3
       5
       3
       2
       6
       2
       5
       1
       1
       8
       4
       4
       2
       4
       3
       6
       3
       4
       6
       7
       2
       5
       3
       2
       1
       2
       4
       4
       5
       1
       0
       4
       4
       2
       4
       3
       2
       3
       5
       5
       3
       5
       5
       6
       6
       7
       2
       6
       3
       3
       2
       0
       4
       5
       4
       1
       5
       2
       3
       5
       3
       3
       2
       5
       3
       4
       2
       6
       6
       5
       4
       6
       1
       2
       0
       4
       5
       8
       1
       9
       3
       4
       3
       3
       4
       0
       7
       4
       2
       6
       3
       2
       3
       4
       4
       2
       3
       1
       9
       3
       5
       3
       2
       2
       5
       3
       2
       4
       0
       3
       7
       6
       5
       5
       2
       3
       5
       4
       2
       7
       2
       5
       3
       1
       4
       3
       3
       6
       2
       2
       3
       4
       4
       5
       3
       2
       5
       1
       3
       5
       2
       3
       3
       1
       3
       8
       3
       4
       1
       4
       1
       5
       3
       5
       2
       5
       5
       5
       5
       4
       6
       2
       5
       3
       4
       1
       7
       2
       6
       4
       2
       8
       1
       2
       3
       4
       4
       1
       1
       3
       4
       5
       5
       5
       2
       0
       5
       3
       3
       8
       5
       1
       4
       4
       2
       6
       4
       3
       6
       4
       5
       4
       3
       2
       6
       4
       8
       8
       4
       3
       1
       1
       5
       1
       5
       3
       2
       2
       1
       6
       1
       5
       3
       4
       4
       2
       4
       3
       1
       6
       4
       6
       5
       3
       4
       5
       3
       6
       0
       6
       2
       1
       2
       5
       3
       3
       3
       3
       5
       7
       1
       4
       4
       3
       5
       2
       5
       4
       1
       2
       3
       8
       1
       4
       1
       3
       4
       2
       2
       3
       2
       5
       1
       7
       2
       2
       2
       4
       1
       2
       4
       5
       4
       3
       4
       5
       1
       4
       2
       0
       1
       1
       3
       5
       4
       2
       4
       4
       5
       4
       3
       2
       6
       7
       6
       4
       2
       4
       4
       2
       2
       3
       3
       3
       5
       1
       6
       2
       3
       4
       6
       5
       2
       1
       2
       4
       5
       4
       3
       4
       2
       5
       6
       2
       2
       5
       1
       7
       4
       1
       3
       3
       2
       3
       3
       1
       3
       5
       4
       4
       4
       2
       3
       2
       1
       4
       3
       4
       2
       3
       2
       6
       5
       1
       4
       5
       2
       6
       4
       4
       4
       4
       3
       3
       2
       3
       0
       3
       8
       2
       3
       2
       4
       5
       1
       0
       6
       5
       4
       4
       5
       3
       3
       3
       0
       9
       2
       2
       4
       3
       1
       4
       2
       0
       5
       4
       1
       3
       6
       2
       2
       0
       3
       7
       4
       7
       8
       4
       6
       1
       3
       0
       1
       2
       3
       5
       3
       1
       4
       3
       3
       4
       3
       4
       4
       3
       0
       2
       2
       3
       1
       2
       6
       1
       5
       2
       1
       3
       3
       2
       1
       2
       5
       6
       3
       5
       5
       3
       2
       4
       4
       3
       4
       1
       3
       2
       0
       4
       5
       3
       5
       6
       4
       3
       3
       3
       5
       6
       1
       1
       2
       3
       4
       3
       4
       6
       1
       4
       2
       3
       3
       3
       3
       4
       1
       4
       5
       3
       4
       1
       6
       4
       3
       1
       4
       3
       1
       2
       5
       0
       4
       4
       6
       4
       1
       4
       5
       2
       2
       3
       2
       3
       0
       2
       5
       2
       4
       3
       2
       5
       2
       5
       4
       4
       2
       4
       2
       2
       2
       1
       1
       1
       6
       2
       4
       3
       2
       5
      10
       1
       0
       4
       5
       1
       2
       3
       4
       1
       4
       2
       5
       1
       3
       3
       5
       6
       1
       2
       5
       2
       8
       3
       1
       3
       5
       1
       2
       2
       1
       4
       3
       2
       7
       3
       3
       1
       2
       2
       3
       2
       3
       4
       4
       3
       2
       3
       5
       5
       3
       3
       2
       3
       5
       1
       3
       1
       2
       0
       1
       3
       6
       3
       2
       0
       3
       2
       3
       2
       5
       1
       3
       1
       4
       2
       5
       6
       2
       1
       5
       4
       2
       2
       7
       1
       3
       1
       3
       2
       3
       3
       6
       8
       1
       3
       9
       9
      11
       7
       4
      12
       5
       8
       5
       8
       3
       4
       5
       1
       3
       3
       2
       5
       3
       3
       3
       5
       5
       3
       4
       2
       5
       5
       4
       3
       3
       1
       6
       4
       2
       3
       2
       3
       1
       4
       6
       7
       3
       6
       6
       4
      10
       4
       7
       5
       0
       2
       3
       3
       2
       2
       3
       1
       4
       2
       3
       4
       3
       4
       1
       4
       5
       5
       6
       2
       1
       3
       6
       3
       4
       2
       3
       4
       1
       4
       4
       6
       2
       1
       6
       1
       5
       1
       7
       2
       5
       3
       3
       2
       1
       4
       2
       2
       4
       3
       3
       4
       2
       0
       2
       1
       2
       3
       1
       3
       3
       3
       5
       2
       0
       0
       2
       4
       1
       5
       2
       3
       5
       6
       1
       2
       1
       2
       3
       1
       2
       0
       5
       3
       4
       2
       5
       4
       2
       2
       2
       1
       2
       4
       1
       0
       2
       6
       5
       5
       5
       3
       4
       3
       2
       3
       3
       3
       6
       2
       1
       4
       3
       1
       3
       5
       1
       1
       4
       3
       0
       5
       2
       1
       6
       3
       3
       5
       2
       4
       2
       3
       0
       4
       2
       7
       3
       2
       3
       5
       3
       3
       2
       3
       3
       8
       3
       2
       3
       2
       3
       3
       2
       3
       4
       6
       2
       3
       9
       2
       5
       4
       3
       4
       3
       4
       3
       3
       0
       3
       3
       2
       0
       8
       3
       0
       3
       2
       0
       2
       2
       0
       3
       2
       5
       4
       2
       3
       3
       1
       2
       4
       1
       1
       3
       4
       2
       4
       6
       2
       4
       3
       1
       2
       2
       4
       4
       6
       1
       3
       0
       3
       1
       5
       4
       3
       2
       7
      14
      15
      16
      10
       7
      10
       4
       9
       5
       5
       1
       4
       3
       6
       0
       3
       3
       3
       1
       3
       2
       4
       0
       2
       3
       1
       1
       4
       3
       2
       3
       3
       3
       6
       6
       0
       1
       2
       2
       2
       2
       3
       0
       2
       2
       2
       1
       5
       2
       3
       1
       7
       1
       2
       1
       6
       1
       4
       3
       4
       5
       4
       3
       2
       2
       2
       2
       3
       3
       2
       3
       5
       1
       3
       1
       0
       3
       6
       3
       1
       2
       4
       1
       5
       2
       2
       5
       4
       1
       3
       1
       4
       1
       2
       2
       1
       3
       0
       7
       2
       2
       5
       2
       6
       3
       3
       5
       2
       1
       2
       1
       1
       1
       2
       2
       3
       5
       4
       2
       6
       3
       2
       3
       5
       2
       1
       4
       4
       3
       4
       4
       1
       4
       3
       6
       2
       2
       3
       2
       3
       3
       5
       1
       5
       3
       1
       2
       0
       2
       1
       5
       3
       0
       2
       2
       3
       2
       1
       3
       1
       1
       4
       0
       4
       5
       1
       6
       2
       1
       1
       2
       1
       3
       4
       4
       6
       6
       1
       3
       0
       3
       4
       3
       3
       0
       2
       2
       4
       2
       1
       3
       4
       4
       1
       4
       3
       2
       5
       6
       1
       5
       4
       3
       1
       5
       1
       3
       4
       3
       3
       5
       1
       2
       2
       1
       1
       3
       2
       1
       2
       2
       2
       1
       1
       1
       2
       3
       3
       3
       6
       5
       1
       3
       0
       1
       2
       4
       2
       6
       2
       5
       4
       5
       5
       5
       2
       5
       3
       0
       2
       3
       2
       3
       3
       4
       4
       2
       3
       4
       6
       6
       0
       5
       6
       2
       0
       2
       2
       1
       4
       4
       3
       4
       2
       1
       6
       3
       2
       2
       2
       6
       3
       4
       5
       1
       1
       2
       3
       2
       3
       2
       3
       2
       2
       6
       2
       1
       4
       1
       1
       4
       2
       4
       4
       2
       7
       6
       5
       4
       4
       4
       1
       0
       4
       3
       0
       2
       3
       2
       3
       2
       5
       2
       0
       2
       0
       2
       4
       2
       3
       5
       2
       1
       2
       2
       2
       1
       0
       4
       1
       4
       4
       1
       1
       3
       1
       2
       1
       6
       5
       5
       0
       2
       3
       5
       1
       2
       2
       9
       4
       3
       0
       4
       2
       3
       2
       4
       5
       1
       2
       4
       3
       4
       4
       3
       2
       4
       5
       2
       4
       1
       5
       3
       2
       2
       4
       3
       5
       4
       2
       4
       1
       4
       1
       4
       1
       5
       2
       1
       4
       4
       5
       1
       3
       1
       4
       7
       2
       3
       2
       3
       3
       2
       2
       2
       1
       1
       0
       4
       3
       2
       1
       2
       0
       3
       3
       4
       1
       2
       2
       7
       0
       1
       3
       7
       5
       4
       3
       3
       2
       2
       2
       3
       1
       4
       3
       1
       2
       4
       4
       2
       3
       2
       2
       2
       5
       2
       3
       1
       3
       2
       2
       3
       3
       3
       5
       6
       2
       5
       1
       3
       2
       1
       1
       2
       2
       3
       2
       2
       2
       2
       4
       2
       1
       3
       4
       2
       1
       1
       0
       2
       3
       1
       2
       4
       0
       3
       1
       3
       1
       2
       3
       2
       2
       1
       2
       4
       2
       1
       4
       2
       5
       3
       4
       1
       0
       1
       1
       3
       1
       3
       1
       1
       3
       3
       3
       3
       1
       5
       0
       5
       3
       1
       4
       1
       1
       2
       4
       2
       1
       2
       1
       3
       2
       1
       2
       4
       2
       1
       4
       6
       4
       4
       3
       3
       3
       2
       4
       3
       8
       3
       3
       4
       1
       1
       1
       2
       3
       1
       1
       2
       1
       0
       2
       2
       2
       3
       4
       1
       3
       1
       1
       1
       2
       2
       0
       2
       3
       2
       3
       2
       1
       1
       0
       5
       4
       5
       1
       3
       1
       3
       2
       2
       3
       2
       0
       3
       2
       3
       1
       6
       3
       2
       1
       3
       2
       2
       1
       3
       2
       2
       1
       4
       0
       2
       4
       2
       4
       3
       2
       2
       3
       1
       2
       1
       2
       0
       2
       1
       3
       3
       2
       5
       4
       4
       4
       3
       3
       1
       2
       4
       3
       4
       3
       4
       1
       3
       5
       3
       3
       0
       5
       1
       3
       4
       3
       1
       2
       4
       2
       4
       0
       1
       0
       3
       2
       1
       0
       1
       1
       2
       1
       1
       2
       1
       2
       2
       0
       2
       4
       4
       1
       1
       2
       3
       2
       2
       3
       1
       2
       0
       0
       2
       0
       3
       1
       2
       5
       0
       0
       1
       1
       0
       3
       1
       3
       0
       1
       2
       1
       1
       0
       0
       5
       1
       1
       2
       1
       3
       4
       1
       2
       1
       2
       2
       0
       1
       1
       0
       1
       1
       1
       2
       3
       2
       1
       4
       3
       1
       1
       3
       2
       0
       1
       1
       1
       4
       2
       2
       2
       5
       1
       0
       4
       2
       2
       1
       2
       0
       2
       3
       1
       5
       1
       1
       3
       1
       1
       0
       0
       3
       0
       3
       2
       2
       0
       2
       2
       2
       1
       4
       2
       3
       3
       3
       1
       1
       2
       4
       2
       3
       4
       2
       4
       4
       1
       1
       0
       1
       0
       2
       1
       1
       2
       0
       2
       1
       1
       1
       0
       0
       1
       0
       4
       3
       0
       4
       1
       1
       1
       2
       3
       0
       1
       3
       1
       1
       1
       1
       1
       4
       2
       2
       3
       0
       2
       1
       1
       2
       2
       1
       2
       1
       1
       0
       3
       1
       4
       1
       3
       0
       0
       2
       0
       2
       1
       4
       2
       1
       0
       2
       1
       2
       1
       0
       2
       3
       2
       1
       1
       1
       0
       1
       0
       1
       1
       2
       0
       1
       5
       1
       0
       2
       1
       3
       4
       1
       0
       0
       0
       1
       2
       3
       2
       2
       0
       2
       1
       1
       1
       3
       4
       0
       2
       1
       0
       1
       1
       3
       4
       3
       0
       1
       2
       1
       5
       1
       2
       1
       1
       3
       3
       4
       1
       1
       5
       0
       2
       1
       1
       1
       2
       5
       2
       2
       0
       0
       0
       2
       0
       0
       2
       5
       1
       1
       4
       2
       3
       1
       1
       3
       0
       1
       3
       2
       1
       4
       2
       3
       2
       1
       1
       1
       0
       1
       0
       1
       4
       1
       4
       2
       0
       5
       1
       2
       1
       0
       1
       3
       3
       0
       1
       5
       2
       1
       1
       1
       1
       0
       0
       1
       5
       3
       1
       0
       1
       2
       0
       2
       1
       1
       1
       3
       0
       1
       0
       3
       1
       1
       1
       0
       1
       0
       2
       0
       1
       2
       5
       2
       4
       1
       0
       4
       4
       2
       2
       1
       0
       1
       0
       1
       3
       3
       0
       2
       2
       0
       0
       2
       2
       1
       1
       2
       0
       2
       0
       4
       1
       0
       2
       3
       2
       1
       0
       5
       1
       1
       2
       3
       2
       5
       5
       2
       2
       2
       7
       3
       6
       6
      11
      18
      26
      34
      43
      69
      53
      60
      35
      34
      31
      18
       4
       2
       2
       1
       0
       0
       3
       0
       1
       2
       1
       1
       3
       2
       2
       1
       2
       2
       2
       1
       3
       1
       0
       4
       1
       0
       3
       1
       2
       1
       1
       1
       1
       3
       3
       2
       2
       2
       4
       2
       0
       1
       3
       1
       2
       1
       1
       1
       1
       1
       1
       2
       1
       2
       2
       0
       1
       0
       2
       2
       2
       2
       2
       0
       1
       1
       3
       3
       1
       1
       1
       1
       2
       3
       0
       1
       1
       0
       1
       2
       1
       1
       4
       0
       1
       1
       2
       1
       4
       0
       3
       1
       2
       0
       1
       0
       1
       3
       0
       1
       2
       3
       1
       1
       4
       1
       1
       1
       2
       1
       0
       1
       4
       1
       2
       0
       1
       1
       1
       3
       3
       1
       1
       1
       0
       2
       1
       0
       3
       2
       0
       0
       0
       1
       1
       0
       1
       0
       0
       1
       2
       1
       0
       0
       3
       3
       3
       0
       1
       3
       3
       2
       0
       2
       2
       4
       1
       0
       0
       0
       2
       2
       1
       1
       1
       1
       0
       1
       0
       1
       0
       0
       0
       3
       1
       1
       2
       0
       4
       4
       2
       0
       0
       2
       1
       3
       2
       1
       2
       4
       1
       3
       1
       1
       1
       0
       2
       2
       5
       2
       1
       1
       0
       4
       0
       0
       0
       4
       1
       2
       0
       0
       1
       3
       2
       1
       0
       0
       4
       2
       5
       2
       1
       2
       2
       1
       0
       1
       0
       2
       1
       2
       4
       2
       2
       0
       0
       0
       2
       1
       1
       3
       1
       1
       2
       1
       2
       1
       1
       2
       0
       3
       2
       3
       1
       0
       1
       2
       1
       2
       1
       2
       1
       3
       2
       4
       0
       3
       2
       0
       1
       1
       3
       2
       3
       2
       1
       2
       1
       0
       2
       0
       1
       2
       1
       0
       2
       0
       0
       0
       2
       1
       3
       1
       0
       0
       2
       1
       0
       3
       2
       2
       1
       2
       1
       0
       0
       1
       1
       1
       1
       1
       1
       3
       3
       1
       1
       3
       0
       2
       1
       3
       0
       3
       2
       2
       5
       1
       1
       0
       2
       0
       2
       2
       1
       3
       0
       1
       0
       0
       2
       1
       2
       1
       1
       2
       0
       2
       3
       2
       3
       3
       1
       3
       0
       0
       1
       0
       2
       1
       3
       0
       0
       2
       1
       2
       1
       0
       2
       2
       1
       0
       0
       0
       1
       2
       1
       0
       0
       0
       0
       1
       2
       2
       0
       1
       2
       2
       0
       1
       3
       0
       1
       1
       0
       0
       3
       0
       2
       2
       1
       1
       3
       1
       2
       3
       0
       0
       0
       1
       1
       0
       0
       1
       0
       1
       0
       2
       1
       2
       3
       2
       0
       1
       2
       1
       1
       1
       1
       1
       0
       2
       1
       2
       2
       2
       1
       2
       4
       0
       1
       1
       4
       3
       0
       2
       2
       1
       1
       2
       1
       2
       1
       0
       0
       2
       1
       3
       0
       0
       1
       1
       0
       1
       1
       1
       0
       1
       1
       2
       1
       0
       0
       1
       1
       2
       0
       0
       4
       0
       2
       0
       3
       2
       1
       4
       4
       2
       0
       1
       1
       2
       2
       1
       0
       2
       1
       1
       2
       2
       1
       1
       2
       1
       1
       1
       0
       1
       1
       0
       2
       3
       0
       4
       0
       0
       0
       1
       0
       0
       0
       1
       1
       4
       1
       1
       1
       2
       0
       1
       0
       1
       3
       1
       1
       0
       2
       1
       1
       0
       2
       3
       3
       2
       1
       1
       2
       0
       0
       2
       2
       3
       1
       0
       1
       1
       0
       1
       2
       1
       1
       2
       2
       1
       2
       1
       3
       4
       0
       0
       0
       1
       2
       0
       0
       0
       1
       0
       1
       2
       0
       1
       0
       1
       2
       3
       3
       0
       1
       0
       0
       2
       0
       0
       2
       3
       3
       2
       1
       1
       0
       1
       0
       2
       1
       1
       0
       2
       0
       1
       1
       1
       3
       0
       0
       1
       1
       2
       1
       0
       1
       4
       2
       0
       2
       0
       1
       1
       1
       0
       0
       0
       0
       1
       2
       1
       1
       2
       0
       0
       2
       1
       0
       1
       0
       0
       0
       0
       0
       1
       1
       2
       1
       2
       1
       0
       0
       0
       1
       2
       0
       1
       2
       1
       1
       1
       3
       1
       1
       1
       2
       2
       1
       0
       2
       0
       1
       0
       2
       1
       1
       0
       2
       1
       2
       1
       0
       1
       0
       4
       1
       3
       0
       1
       1
       0
       1
       0
       1
       1
       2
       0
       1
       0
       1
       1
       0
       1
       1
       1
       1
       1
       3
       1
       2
       1
       0
       1
       1
       0
       2
       0
       2
       1
       0
       0
       3
       2
       2
       1
       1
       1
       2
       2
       0
       0
       1
       0
       2
       0
       0
       3
       1
       2
       1
       0
       2
       0
       1
       4
       1
       1
       0
       1
       0
       1
       0
       0
       0
       0
       0
       2
       2
       1
       0
       2
       0
       1
       1
       3
       2
       1
       1
       0
       1
       1
       0
       0
       2
       0
       2
       1
       1
       1
       1
       1
       1
       1
       1
       1
       1
       1
       2
       0
       1
       0
       0
       1
       1
       2
       1
       4
       1
       1
       1
       0
       2
       3
       1
       0
       1
       0
       1
       1
       4
       0
       0
       1
       2
       1
       2
       2
       0
       1
       1
       1
       2
       0
       2
       3
       4
       2
       0
       1
       1
       1
       3
       0
       0
       0
       3
       2
       1
       1
       1
       1
       0
       0
       0
       0
       3
       0
       1
       1
       0
       0
       0
       0
       0
       0
       1
       0
       1
       0
       1
       1
       4
       0
       0
       0
       4
       1
       0
       3
       1
       1
       0
       2
       1
       1
       4
       0
       0
       0
       0
       2
       1
       1
       2
       1
       2
       1
       0
       0
       2
       3
       1
       0
       1
       2
       1
       0
       3
       1
       0
       1
       4
       1
       0
       2
       2
       1
       2
       0
       0
       2
       0
       0
       1
       3
       1
       0
       0
       2
       2
       3
       1
       0
       0
       2
       1
       2
       0
       2
       5
       1
       0
       3
       0
       2
       1
       1
       1
       2
       1
       3
       0
       1
       2
       0
       0
       1
       2
       3
       1
       0
       0
       1
       0
       2
       2
       0
       2
       0
       0
       1
       2
       0
       0
       1
       1
       0
       0
       0
       0
       0
       1
       2
       2
       1
       0
       1
       0
       1
       1
       0
       3
       2
       2
       0
       1
       1
       1
       1
       4
       0
       0
       2
       1
       4
       0
       0
       1
       0
       1
       0
       2
       0
       1
       0
       0
       1
       0
       1
       1
       1
       1
       1
       0
       0
       1
       2
       1
       0
       6
       1
       3
       0
       1
       2
       0
       1
       1
       0
       2
       0
       1
       2
       1
       0
       4
       0
       0
       0
       0
       2
       1
       2
       2
       1
       0
       1
       0
       1
       3
       2
       0
       1
       1
       0
       1
       0
       0
       0
       2
       2
       0
       1
       0
       2
       1
       1
       1
       1
       1
       3
       1
       1
       0
       0
       2
       1
       2
       1
       1
       1
       1
       1
       2
       0
       3
       0
       0
       0
       0
       2
       0
       1
       2
       0
       1
       1
       0
       1
       2
       0
       1
       2
       2
       0
       2
       1
       1
       1
       0
       0
       0
       0
       0
       3
       1
       2
       2
       0
       2
       2
       1
       2
       0
       3
       0
       1
       1
       1
       1
       1
       0
       1
       3
       2
       1
       2
       3
       1
       1
       3
       0
       0
       2
       1
       1
       2
       1
       1
       0
       2
       1
       0
       0
       0
       0
       0
       0
       0
       0
       0
       0
       0
       0
       0
       0
       0
       0
       0
       0
       0
       0
       0
       0
       0
       0
       0
       0
       0
       0
       0
       0
       0
       0
       0
       0
       0
       0
       0
       0
       0
       0
       0
       0
       0
       0
       0
       0
       0
       0
       0
       0
       0
       0
       0
       0
       0
       0
       0
       0
       0
       0
       0
       0
       0
       0
       0
       0
       0
       0
       0
       0
       0
       0
       0
       0
       0
       0
       0
       0
       0
       0
       0
       0
       0
       0
       0
       0
       0
       0
       0
       0
       0
       0
       0
       0
       0
       0
       0
       0
       0
       0
       0
       0
       0
       0
       0
       0
       0
       0
       0
       0
       0
       0
       0
       0
       0
       0
       0
       0
       0
       0
       0
       0
       0
       0
       0
       0
       0
       0
$ROI:
0
$PRESETS:
Live Time
80000
0
$ENER_FIT:
-0.080844 0.383503
$MCA_CAL:
3
-8.084450E-002 3.835025E-001 0.000000E+000 keV
$SHAPE_CAL:
3
3.531450E+000 4.189042E-004 0.000000E+000
