$SPEC_ID:
No sample description was entered.
$SPEC_REM:
DET# 1
DETDESC# BETA MCB 129 Input 1
AP# GammaVision Version 6.09
$DATE_MEA:
04/03/2014 14:21:31
$MEAS_TIM:
77867 77976
$DATA:
0 8191
       0
       0
       0
       0
       0
       0
       0
       0
       0
       0
       0
       0
       0
       0
       0
       0
       0
       0
       0
       0
       0
       0
       0
       0
       0
       0
       0
       0
       0
       0
       0
       0
       0
       0
       0
       0
       0
       0
       0
       0
       0
       0
      25
      10
      90
     724
     855
     920
    1282
    1852
    2307
    2636
    2701
    2612
    2245
    2050
    1989
    1932
    1937
    2011
    2034
    2005
    2166
    2036
    2040
    1964
    1969
    1905
    1963
    1897
    1877
    1908
    1811
    1857
    1776
    1752
    1795
    1725
    1800
    1759
    1743
    1725
    1793
    1695
    1697
    1672
    1675
    1678
    1762
    1684
    1669
    1690
    1689
    1655
    1609
    1592
    1565
    1653
    1621
    1575
    1644
    1577
    1622
    1631
    1613
    1574
    1656
    1608
    1608
    1568
    1596
    1622
    1592
    1603
    1601
    1534
    1598
    1621
    1564
    1561
    1567
    1544
    1672
    1685
    1565
    1532
    1495
    1544
    1567
    1585
    1535
    1557
    1606
    1620
    1547
    1539
    1564
    1566
    1597
    1665
    1636
    1577
    1605
    1595
    1619
    1679
    1596
    1747
    1649
    1637
    1706
    1773
    1834
    1789
    1807
    1687
    1759
    1843
    1891
    1868
    1954
    1899
    1943
    1953
    1925
    2074
    2402
    2460
    2241
    2068
    2048
    1999
    1966
    2039
    2010
    2082
    2083
    2132
    2108
    2236
    2116
    2085
    2145
    2221
    2160
    2144
    2307
    2318
    2304
    2293
    2299
    2486
    2674
    2639
    2506
    2676
    3769
    5599
    5277
    3384
    2459
    2721
    4576
    7521
    7141
    3842
    2392
    2046
    2112
    2230
    2268
    2057
    2135
    2234
    2317
    2227
    2105
    2072
    2205
    2213
    2400
    2756
    2954
    2773
    2484
    2312
    2250
    2314
    2668
    3579
    4209
    3961
    2789
    2214
    2275
    2259
    2900
    3565
    3384
    2565
    2176
    2127
    2227
    2936
    3679
    3946
    3824
    3251
    2491
    2241
    2162
    2128
    2006
    2048
    1984
    1988
    2011
    2027
    2088
    2073
    2131
    2155
    2186
    2354
    2168
    2018
    1990
    2039
    2065
    2032
    2035
    2056
    2061
    1974
    2019
    1992
    2237
    2187
    2331
    2419
    2208
    2043
    1984
    2018
    2032
    2057
    2113
    2232
    2105
    2144
    1992
    2073
    2023
    2066
    2000
    2091
    2083
    2050
    2203
    2127
    2105
    2074
    2088
    2104
    2274
    2336
    2071
    1985
    2016
    1934
    2062
    2044
    2113
    2005
    2044
    1980
    2029
    2005
    2024
    2008
    2030
    2011
    2052
    2026
    2128
    2023
    2059
    2014
    2073
    2150
    2088
    2121
    2159
    2105
    2111
    2124
    2161
    2155
    2107
    2373
    2707
    3038
    2610
    2250
    2054
    2048
    2111
    2189
    2131
    2085
    2125
    2054
    2062
    2050
    2028
    2107
    2071
    2109
    2071
    2030
    2157
    1974
    2120
    2113
    2159
    2013
    2021
    2095
    2077
    2160
    2024
    2055
    2076
    2025
    1957
    2052
    1945
    2018
    2147
    2178
    2337
    2352
    2058
    1973
    2021
    1992
    2031
    1933
    2038
    1982
    1895
    2105
    2008
    1970
    1899
    2009
    1904
    1962
    1888
    1922
    1924
    1913
    1949
    1878
    1890
    2000
    2235
    2293
    2286
    1945
    1915
    1927
    1881
    1919
    1884
    1906
    1929
    1850
    1853
    1823
    1850
    1825
    1873
    1849
    1847
    1803
    1844
    1860
    1843
    1798
    1830
    1847
    1867
    1809
    1796
    1813
    1729
    1730
    1698
    1823
    1742
    1784
    1683
    1742
    1762
    1730
    1672
    1751
    1655
    1686
    1681
    1669
    1749
    1691
    1694
    1688
    1689
    1721
    1685
    1693
    1724
    1634
    1660
    1621
    1667
    1608
    1729
    1701
    1628
    1721
    1669
    1657
    1687
    1715
    1670
    1582
    1619
    1655
    1611
    1683
    1720
    1731
    1563
    1615
    1690
    1659
    1651
    1678
    1698
    2075
    2937
    3970
    4018
    2997
    1953
    1648
    1613
    1558
    1555
    1563
    1507
    1568
    1563
    1553
    1543
    1592
    1545
    1533
    1495
    1493
    1539
    1592
    1519
    1493
    1583
    1468
    1582
    1544
    1552
    1506
    1526
    1525
    1523
    1489
    1557
    1501
    1590
    1586
    1581
    1502
    1459
    1483
    1470
    1469
    1476
    1496
    1564
    1466
    1482
    1548
    1454
    1591
    1584
    1539
    1487
    1437
    1508
    1472
    1426
    1415
    1454
    1693
    2414
    2998
    2482
    1730
    1405
    1432
    1424
    1458
    1419
    1340
    1355
    1385
    1307
    1382
    1389
    1411
    1394
    1376
    1447
    1459
    1469
    1426
    1427
    1437
    1418
    1401
    1395
    1458
    1390
    1368
    1412
    1361
    1445
    1443
    1423
    1355
    1417
    1412
    1365
    1403
    1432
    1415
    1380
    1330
    1370
    1412
    1375
    1328
    1342
    1370
    1345
    1389
    1320
    1367
    1315
    1397
    1377
    1393
    1298
    1403
    1395
    1374
    1325
    1326
    1276
    1371
    1354
    1407
    1419
    1366
    1434
    1548
    1549
    1465
    1355
    1499
    2457
    7194
   15608
   18634
   10916
    3715
    1536
    1598
    2335
    3088
    3202
    3651
    3508
    2343
    1355
    1109
    1102
    1071
    1096
    1032
    1072
    1088
    1061
    1081
    1073
    1050
    1050
    1053
    1030
    1032
    1064
    1005
    1086
    1042
    1071
     991
    1060
    1044
    1095
    1109
    1073
    1051
    1024
    1012
    1001
    1019
    1001
    1069
    1126
    1139
    1101
    1081
     971
    1022
    1047
    1077
    1183
    1132
    1009
     989
    1001
     980
     929
     930
     932
     951
     995
     922
     999
     936
     962
     929
     975
     971
     962
     979
     940
     899
     918
     952
     923
     902
     952
    1056
    1320
    1778
    2077
    1933
    1439
    1212
    1097
     936
     856
     917
     907
     910
     927
     949
     953
     935
     918
     852
     916
     984
    1336
    1595
    1399
    1065
     937
     868
     884
     903
     889
     886
     868
     840
     869
     942
     834
     829
     897
     883
     879
     895
     923
     848
     848
     844
     825
     872
     843
     838
     858
     951
     994
     869
     801
     844
     781
     805
     753
     791
     825
     838
     816
     781
     755
     824
     794
     957
    1620
    3538
    6077
    5651
    3118
    1277
     836
     747
     748
     735
     766
     717
     758
     953
    1368
    1823
    1734
    1187
     876
     792
     741
     764
     782
     774
     714
     787
     761
     682
     712
     748
     760
     675
     715
     734
     751
     692
     709
     708
     691
     679
     700
     711
     708
     730
     713
     701
     687
     709
     708
     693
     655
     725
     704
     713
     735
     721
     684
     676
     678
     704
     682
     633
     702
     688
     665
     651
     640
     671
     663
     707
     738
     703
     740
     752
     678
     661
     662
     741
     722
     712
     711
     632
     689
     630
     665
     724
     723
     857
    1304
    1538
    1336
     895
     766
     726
     692
     646
     691
     666
     688
     740
     786
     766
     726
     754
     649
     688
     651
     663
     649
     689
     671
     603
     702
     796
    1232
    2638
    3962
    3548
    1990
     961
     616
     643
     657
     669
     690
     657
     628
     586
     629
     622
     574
     615
     603
     628
     627
     626
     595
     600
     617
     606
     619
     616
     620
     669
     663
     682
     643
     620
     707
    1103
    2578
    6145
    9641
    8598
    4373
    1482
     637
     592
     573
     570
     565
     521
     501
     569
     505
     569
     528
     564
     545
     537
     568
     547
     496
     573
     555
     535
     562
     515
     516
     521
     513
     532
     552
     495
     530
     546
     517
     546
     498
     524
     536
     506
     513
     504
     516
     560
     552
     581
     534
     493
     517
     511
     486
     531
     526
     537
     515
     515
     518
     507
     540
     466
     519
     523
     527
     522
     503
     491
     549
     560
     500
     526
     551
     528
     534
     526
     532
     534
     495
     541
     527
     512
     529
     498
     529
     515
     504
     515
     477
     536
     504
     480
     552
     560
     583
     579
     553
     515
     541
     571
     583
     547
     546
     544
     517
     516
     495
     471
     553
     492
     500
     527
     499
     523
     546
     501
     471
     497
     505
     506
     502
     476
     513
     523
     492
     489
     509
     510
     511
     495
     504
     481
     498
     585
     607
     571
     512
     535
     507
     454
     453
     506
     536
     503
     499
     531
     525
     497
     502
     495
     496
     504
     576
     759
     937
     877
     658
     573
     471
     467
     457
     489
     482
     497
     501
     441
     466
     479
     441
     434
     476
     494
     451
     468
     482
     443
     494
     465
     457
     423
     476
     453
     440
     486
     494
     460
     437
     453
     440
     456
     462
     427
     468
     430
     443
     438
     433
     473
     407
     455
     454
     512
     418
     450
     408
     438
     460
     399
     454
     431
     394
     451
     417
     464
     388
     413
     432
     396
     428
     454
     407
     403
     399
     393
     386
     421
     419
     394
     371
     403
     457
     476
     533
     521
     474
     451
     451
     438
     438
     417
     374
     408
     403
     398
     414
     353
     420
     420
     392
     424
     405
     375
     422
     410
     429
     410
     422
     393
     417
     395
     410
     413
     397
     424
     370
     386
     392
     454
     451
     470
     523
     462
     416
     397
     422
     388
     399
     401
     396
     411
     396
     392
     347
     366
     382
     420
     369
     401
     394
     366
     385
     426
     468
     523
     749
    1105
    1357
    1060
     685
     458
     399
     379
     382
     388
     386
     406
     378
     394
     349
     387
     357
     406
     396
     427
     375
     389
     407
     372
     386
     383
     375
     396
     399
     375
     368
     404
     389
     362
     398
     401
     389
     357
     366
     346
     418
     392
     431
     377
     377
     353
     387
     402
     418
     397
     395
     389
     384
     362
     378
     354
     365
     317
     368
     356
     349
     374
     389
     379
     385
     375
     396
     385
     405
     367
     363
     370
     369
     369
     387
     358
     341
     349
     314
     364
     358
     354
     358
     371
     332
     331
     329
     346
     351
     332
     385
     351
     387
     352
     325
     342
     314
     351
     385
     371
     348
     334
     358
     282
     332
     349
     325
     365
     337
     403
     354
     348
     398
     329
     345
     335
     349
     340
     353
     363
     387
     437
     421
     487
     594
     788
    1134
    1721
    2137
    1960
    1333
     855
     635
     498
     461
     410
     386
     348
     375
     359
     358
     322
     338
     322
     334
     325
     337
     311
     304
     328
     315
     347
     303
     361
     351
     330
     300
     315
     346
     331
     353
     373
     397
     336
     359
     331
     365
     315
     368
     347
     333
     328
     338
     342
     324
     329
     351
     313
     330
     343
     341
     294
     337
     287
     286
     305
     335
     339
     364
     355
     384
     372
     322
     335
     325
     291
     334
     344
     366
     312
     350
     314
     303
     325
     355
     317
     314
     298
     312
     311
     326
     324
     332
     336
     337
     326
     329
     307
     327
     282
     322
     341
     326
     347
     352
     288
     303
     297
     327
     310
     377
     327
     345
     330
     343
     304
     305
     316
     333
     324
     281
     307
     296
     327
     361
     312
     300
     300
     337
     319
     295
     300
     333
     346
     326
     303
     333
     310
     277
     338
     280
     330
     304
     373
     436
     473
     417
     376
     355
     333
     310
     284
     328
     322
     279
     288
     332
     311
     308
     338
     323
     339
     347
     297
     324
     321
     331
     355
     319
     315
     307
     302
     323
     309
     298
     326
     327
     317
     330
     310
     332
     294
     303
     303
     314
     306
     303
     315
     303
     322
     337
     404
     361
     353
     345
     351
     587
    1328
    2908
    4930
    5311
    3655
    1749
     688
     346
     331
     273
     324
     258
     267
     282
     308
     271
     304
     287
     280
     296
     288
     270
     292
     268
     294
     287
     304
     261
     292
     295
     270
     276
     291
     265
     294
     277
     288
     310
     296
     305
     319
     298
     307
     290
     271
     290
     280
     277
     271
     290
     291
     294
     270
     318
     286
     301
     332
     298
     296
     313
     317
     309
     295
     304
     334
     297
     321
     336
     572
    1510
    3435
    5865
    6617
    4885
    2294
     854
     396
     302
     305
     254
     261
     265
     312
     285
     271
     265
     296
     275
     289
     303
     288
     292
     267
     271
     322
     247
     265
     272
     288
     296
     270
     289
     293
     276
     251
     264
     291
     261
     284
     281
     275
     278
     264
     288
     285
     258
     267
     253
     274
     246
     264
     280
     270
     266
     289
     285
     273
     236
     257
     258
     284
     279
     250
     241
     291
     304
     274
     224
     297
     256
     260
     283
     272
     233
     249
     260
     274
     282
     278
     281
     268
     260
     254
     286
     255
     263
     316
     272
     249
     242
     267
     287
     259
     247
     250
     272
     272
     236
     280
     273
     257
     271
     225
     253
     274
     256
     276
     262
     307
     282
     281
     273
     296
     278
     278
     285
     277
     273
     270
     256
     286
     267
     281
     279
     299
     289
     301
     259
     257
     283
     260
     253
     302
     273
     274
     257
     293
     374
     671
    1068
    1269
    1064
     682
     414
     301
     280
     289
     291
     318
     392
     442
     394
     343
     334
     296
     269
     259
     279
     268
     252
     272
     282
     234
     260
     253
     279
     262
     257
     249
     284
     260
     236
     284
     256
     302
     235
     246
     273
     265
     257
     266
     272
     256
     270
     276
     258
     250
     253
     258
     242
     260
     246
     271
     275
     277
     269
     286
     273
     273
     278
     272
     272
     263
     238
     278
     266
     267
     251
     282
     279
     276
     281
     286
     247
     262
     266
     264
     262
     246
     261
     261
     260
     282
     230
     261
     257
     252
     259
     248
     265
     264
     265
     261
     243
     260
     267
     276
     275
     300
     265
     257
     274
     241
     278
     285
     285
     309
     293
     337
     322
     371
     288
     263
     296
     289
     321
     269
     275
     264
     274
     289
     310
     279
     246
     260
     275
     281
     237
     269
     241
     256
     275
     265
     228
     268
     234
     269
     242
     231
     252
     274
     259
     239
     268
     254
     242
     237
     257
     262
     295
     242
     271
     284
     270
     283
     291
     247
     250
     259
     255
     220
     241
     247
     245
     235
     267
     246
     268
     257
     247
     345
     558
     894
    1228
    1324
     944
     559
     348
     271
     243
     250
     270
     226
     226
     211
     249
     226
     231
     255
     261
     233
     252
     226
     255
     230
     254
     254
     262
     242
     211
     276
     267
     259
     235
     252
     239
     226
     251
     261
     269
     221
     246
     251
     272
     241
     270
     232
     236
     234
     240
     246
     215
     224
     238
     201
     231
     262
     225
     224
     235
     233
     257
     250
     224
     242
     221
     246
     246
     259
     242
     236
     246
     266
     239
     253
     268
     290
     364
     357
     357
     305
     263
     253
     233
     228
     256
     250
     239
     232
     231
     241
     221
     215
     224
     225
     244
     252
     262
     311
     300
     282
     245
     248
     263
     250
     268
     290
     278
     322
     339
     453
     630
     793
     683
     528
     329
     281
     244
     219
     263
     296
     351
     420
     438
     363
     293
     249
     278
     233
     230
     240
     208
     233
     209
     205
     236
     216
     241
     255
     216
     221
     218
     227
     212
     227
     219
     226
     254
     282
     272
     265
     234
     230
     210
     251
     296
     342
     403
     469
     417
     366
     273
     251
     225
     226
     211
     208
     199
     229
     230
     220
     197
     217
     214
     195
     224
     211
     226
     222
     285
     369
     594
     753
     723
     558
     356
     273
     207
     216
     210
     196
     200
     221
     209
     206
     202
     211
     201
     185
     191
     198
     204
     220
     196
     242
     198
     216
     209
     225
     229
     274
     300
     342
     309
     275
     245
     234
     247
     206
     227
     222
     198
     231
     213
     204
     193
     200
     232
     216
     212
     169
     201
     185
     218
     211
     220
     185
     222
     207
     213
     191
     209
     240
     198
     186
     192
     190
     213
     196
     204
     230
     231
     262
     218
     221
     207
     209
     208
     214
     214
     221
     218
     199
     239
     196
     211
     204
     232
     196
     232
     202
     193
     220
     207
     236
     269
     266
     252
     234
     235
     235
     225
     233
     221
     213
     213
     207
     222
     291
     360
     399
     382
     323
     226
     225
     243
     200
     251
     279
     300
     306
     310
     327
     319
     237
     248
     195
     210
     208
     209
     194
     198
     223
     194
     173
     202
     238
     198
     231
     212
     197
     210
     206
     209
     207
     197
     211
     195
     207
     207
     198
     195
     214
     211
     202
     200
     193
     200
     211
     189
     198
     171
     222
     231
     219
     208
     215
     204
     205
     211
     208
     211
     277
     368
     509
     727
     736
     625
     474
     318
     215
     205
     235
     234
     210
     200
     233
     201
     176
     184
     226
     203
     213
     199
     209
     184
     198
     185
     197
     189
     189
     216
     217
     197
     226
     181
     221
     218
     202
     227
     210
     214
     191
     202
     193
     198
     182
     198
     211
     212
     169
     211
     212
     204
     223
     204
     212
     215
     219
     192
     188
     178
     223
     215
     201
     200
     202
     196
     223
     201
     199
     222
     224
     201
     236
     208
     187
     199
     221
     217
     203
     220
     194
     169
     174
     197
     185
     197
     205
     203
     194
     243
     246
     261
     213
     228
     228
     213
     196
     198
     220
     196
     201
     188
     201
     192
     212
     222
     206
     208
     213
     183
     184
     220
     218
     193
     202
     205
     207
     247
     260
     276
     298
     272
     220
     228
     206
     196
     187
     183
     206
     206
     189
     211
     209
     317
     508
    1156
    2151
    3088
    3270
    2743
    1593
     702
     378
     229
     213
     197
     203
     208
     201
     187
     178
     208
     189
     169
     198
     196
     207
     209
     182
     206
     186
     201
     182
     172
     177
     198
     186
     209
     199
     211
     206
     235
     202
     205
     204
     169
     200
     209
     208
     186
     203
     209
     188
     232
     190
     229
     222
     216
     184
     223
     212
     191
     205
     180
     218
     262
     288
     415
     487
     476
     361
     298
     241
     212
     195
     176
     161
     185
     168
     193
     196
     192
     203
     222
     181
     185
     196
     213
     205
     196
     194
     213
     190
     201
     202
     196
     226
     200
     186
     193
     205
     177
     226
     216
     222
     256
     249
     260
     319
     309
     339
     312
     277
     269
     254
     230
     228
     202
     218
     217
     199
     193
     193
     222
     189
     191
     200
     227
     215
     196
     211
     242
     230
     204
     213
     200
     257
     197
     185
     199
     205
     205
     216
     205
     221
     238
     306
     428
     674
     783
     701
     578
     407
     277
     249
     235
     313
     516
     920
    1525
    1931
    1921
    1467
     835
     468
     305
     207
     198
     203
     174
     200
     184
     188
     205
     218
     197
     191
     173
     193
     168
     200
     189
     219
     215
     210
     185
     193
     200
     206
     185
     189
     182
     205
     170
     214
     190
     214
     203
     217
     198
     196
     200
     221
     189
     204
     198
     204
     220
     211
     210
     224
     199
     204
     217
     204
     199
     185
     211
     196
     228
     220
     193
     186
     209
     181
     217
     205
     193
     194
     202
     215
     218
     179
     213
     207
     178
     178
     224
     217
     209
     179
     201
     232
     254
     262
     302
     287
     291
     221
     229
     186
     216
     194
     211
     204
     201
     186
     213
     196
     188
     186
     201
     194
     208
     182
     181
     238
     199
     201
     180
     205
     204
     192
     214
     187
     213
     194
     182
     223
     196
     190
     196
     191
     209
     201
     206
     202
     197
     209
     202
     192
     201
     193
     206
     187
     214
     192
     178
     187
     206
     210
     205
     208
     181
     191
     180
     192
     180
     180
     205
     210
     216
     211
     207
     189
     192
     187
     194
     213
     233
     203
     204
     210
     174
     198
     193
     216
     219
     203
     248
     190
     223
     211
     203
     176
     206
     202
     179
     193
     207
     184
     212
     198
     236
     180
     220
     207
     202
     218
     227
     197
     218
     230
     212
     224
     185
     193
     208
     202
     211
     191
     180
     192
     175
     198
     217
     226
     204
     199
     200
     194
     202
     191
     219
     221
     233
     196
     200
     210
     235
     223
     223
     186
     245
     207
     207
     225
     200
     215
     199
     193
     217
     184
     195
     217
     197
     234
     202
     209
     199
     212
     221
     218
     193
     227
     198
     217
     212
     204
     194
     195
     250
     223
     225
     233
     232
     214
     238
     201
     185
     219
     190
     199
     190
     225
     209
     237
     206
     215
     249
     212
     229
     216
     216
     226
     210
     218
     229
     200
     214
     246
     216
     220
     193
     212
     199
     214
     237
     212
     267
     246
     290
     270
     213
     209
     222
     233
     227
     212
     207
     216
     208
     220
     211
     206
     236
     200
     206
     219
     224
     224
     233
     212
     222
     250
     196
     223
     249
     237
     197
     216
     201
     211
     226
     224
     199
     213
     225
     208
     234
     263
     253
     233
     247
     236
     219
     259
     245
     203
     217
     217
     216
     189
     260
     199
     211
     216
     225
     206
     201
     210
     196
     228
     204
     230
     241
     221
     221
     257
     216
     204
     233
     205
     195
     225
     210
     236
     249
     210
     229
     232
     245
     227
     228
     224
     258
     274
     268
     262
     235
     243
     229
     221
     203
     226
     216
     233
     229
     215
     252
     247
     253
     229
     235
     271
     272
     321
     418
     722
    1060
    1368
    1345
    1109
     670
     431
     281
     248
     270
     243
     227
     211
     212
     246
     234
     203
     215
     234
     238
     244
     230
     182
     257
     222
     233
     231
     210
     225
     236
     228
     236
     207
     215
     256
     235
     245
     273
     274
     228
     229
     242
     256
     224
     239
     221
     252
     240
     236
     218
     202
     235
     217
     206
     231
     265
     234
     214
     242
     237
     196
     235
     259
     215
     233
     244
     243
     259
     212
     244
     233
     248
     208
     242
     290
     249
     251
     256
     252
     243
     244
     209
     281
     264
     255
     262
     252
     249
     276
     255
     270
     270
     274
     357
     304
     362
     339
     317
     292
     243
     252
     242
     238
     225
     247
     196
     233
     241
     261
     261
     269
     251
     261
     242
     235
     274
     242
     250
     235
     234
     252
     253
     264
     251
     255
     244
     234
     256
     240
     252
     262
     254
     252
     265
     259
     239
     275
     256
     246
     297
     279
     311
     304
     324
     302
     298
     281
     255
     268
     254
     262
     245
     271
     281
     281
     261
     267
     263
     263
     267
     239
     265
     242
     256
     253
     275
     289
     286
     304
     294
     264
     270
     253
     293
     275
     272
     302
     274
     261
     276
     278
     274
     269
     245
     251
     313
     257
     263
     274
     267
     268
     241
     298
     285
     292
     283
     281
     264
     264
     279
     253
     268
     269
     260
     278
     293
     281
     293
     242
     311
     286
     293
     272
     270
     286
     275
     291
     273
     278
     305
     256
     287
     301
     284
     280
     283
     268
     317
     267
     271
     276
     268
     328
     333
     327
     294
     283
     278
     296
     279
     305
     279
     297
     318
     286
     321
     295
     296
     305
     303
     300
     288
     275
     316
     271
     316
     280
     312
     303
     315
     306
     296
     317
     277
     288
     323
     290
     325
     296
     342
     321
     258
     308
     284
     326
     274
     315
     295
     295
     288
     321
     299
     296
     288
     283
     328
     272
     297
     290
     291
     279
     285
     274
     289
     316
     299
     280
     310
     290
     329
     313
     302
     299
     343
     275
     328
     287
     295
     319
     346
     358
     434
     548
     631
     690
     644
     499
     411
     355
     303
     278
     285
     281
     286
     281
     283
     252
     262
     281
     230
     261
     259
     253
     253
     243
     232
     251
     287
     279
     263
     243
     229
     231
     231
     244
     214
     225
     259
     235
     243
     222
     197
     222
     217
     230
     237
     241
     191
     228
     206
     213
     204
     209
     201
     198
     174
     205
     200
     208
     217
     211
     187
     198
     193
     185
     189
     214
     203
     211
     173
     204
     216
     202
     177
     198
     187
     162
     223
     199
     198
     193
     197
     174
     197
     185
     195
     188
     193
     188
     202
     192
     182
     184
     195
     189
     188
     177
     203
     189
     215
     221
     191
     177
     191
     196
     179
     178
     172
     226
     169
     171
     187
     193
     169
     188
     225
     266
     312
     298
     221
     216
     202
     195
     162
     184
     180
     197
     185
     183
     204
     176
     182
     181
     173
     157
     173
     199
     157
     157
     194
     199
     177
     185
     180
     176
     153
     159
     182
     166
     164
     178
     160
     181
     157
     149
     166
     158
     156
     147
     176
     154
     163
     180
     175
     169
     183
     176
     170
     142
     150
     149
     145
     153
     164
     138
     180
     165
     186
     157
     139
     154
     157
     133
     156
     154
     134
     162
     164
     140
     159
     161
     167
     138
     145
     178
     127
     164
     154
     154
     157
     150
     157
     149
     135
     140
     145
     141
     129
     132
     128
     145
     144
     140
     152
     138
     146
     137
     134
     134
     116
     148
     142
     130
     118
     145
     127
     129
     128
     142
     125
     150
     122
     158
     156
     112
     132
     124
     126
     128
     120
     128
     123
     113
     141
     141
     114
     100
     146
     121
     129
     151
     117
     163
     169
     178
     110
     153
     129
     102
     119
     117
     115
     117
     109
     116
      98
     141
     128
     105
     104
     120
     116
     110
     101
     112
     113
     104
     107
     100
     137
     115
     114
     122
     111
     111
      97
      95
     107
     125
     105
     110
     107
      94
      96
      98
     110
      80
      90
     117
      98
      88
      94
      97
      96
     100
     102
     100
      91
      86
      90
      84
      86
      95
      78
      90
      91
     111
      74
      93
      92
      90
     105
      96
      86
      86
      73
      91
      89
      94
      83
     114
      86
      79
      71
      98
     105
      98
      90
      81
      81
      96
      83
      78
      81
      81
      77
      68
      63
      83
      79
      84
      79
      82
      81
      73
      67
      73
      89
      69
      71
      94
      91
      96
      93
      90
      97
      88
      99
     106
     140
     172
     275
     335
     372
     341
     239
     169
     116
      97
      79
      71
      71
      70
      89
      76
      72
      90
      68
      76
      89
      96
     116
     129
     125
     125
      88
      88
      71
      56
      70
      97
      76
      70
      61
      78
      79
      84
      65
      86
      72
      78
      69
      69
      78
      73
      80
      67
      67
      63
      86
      69
      65
      56
      76
      74
      80
      72
      60
      71
      88
      75
      81
     111
     111
     120
     139
     140
     132
     127
      79
      82
      58
      84
      67
      83
      75
      69
      82
      85
     109
     135
     148
     202
     197
     170
     172
     126
      80
      74
      78
      82
      82
      78
      82
      68
      58
      66
      69
      56
      48
      70
      65
      77
      76
      68
      78
      59
      78
      60
      69
      59
      69
      64
      70
      56
      71
      68
      65
      69
      58
      68
      66
      71
      68
      54
      59
      65
      79
      64
      74
      71
      65
      74
      73
      62
      61
      55
      70
      72
      65
      65
      77
      66
      44
      64
      80
      63
      71
      63
      54
      66
      59
      64
      82
      57
      65
      83
      78
      58
      84
      55
      62
      67
      67
      68
      64
      73
      67
      72
      57
      80
      68
      65
      57
      80
      69
      67
      83
      75
      80
      67
      78
      69
      72
      86
      78
      82
      86
      80
      84
      84
      74
      84
      88
      75
      78
      76
      91
      83
      93
      87
      98
      97
      95
      97
      91
      99
      98
     111
     127
     111
     118
     123
     138
     183
     257
     516
    1153
    2610
    5374
   10202
   15931
   20166
   20574
   16901
   11109
    5808
    2409
     811
     263
     104
      37
      40
      28
      43
      31
      26
      40
      35
      32
      29
      38
      32
      34
      35
      31
      36
      36
      31
      28
      26
      30
      37
      34
      27
      34
      24
      28
      43
      44
      31
      24
      17
      36
      27
      32
      45
      34
      32
      37
      37
      31
      36
      46
      36
      34
      42
      45
      24
      29
      32
      38
      25
      28
      29
      42
      41
      30
      39
      39
      39
      30
      36
      42
      25
      38
      35
      49
      31
      36
      25
      35
      33
      27
      43
      34
      30
      25
      38
      32
      50
      43
      55
      83
      85
      98
      95
      81
      67
      48
      37
      31
      24
      40
      41
      40
      36
      38
      41
      49
      64
      71
      55
      50
      43
      39
      34
      39
      36
      42
      36
      36
      32
      21
      31
      58
      46
      54
      99
     133
     152
     160
     114
      78
      67
      47
      42
      44
      46
      46
      53
      58
      52
      58
      45
      31
      27
      32
      29
      28
      19
      29
      40
      38
      23
      30
      35
      29
      29
      33
      34
      29
      29
      29
      27
      29
      33
      31
      29
      36
      33
      30
      41
      39
      31
      28
      34
      25
      33
      39
      35
      37
      32
      38
      23
      44
      32
      37
      27
      38
      32
      31
      37
      29
      21
      24
      31
      48
      26
      38
      33
      34
      22
      55
      27
      41
      39
      49
      58
      60
      30
      41
      42
      32
      36
      30
      32
      41
      40
      45
      48
      60
      61
      46
      29
      28
      34
      22
      25
      29
      27
      26
      38
      25
      30
      27
      27
      29
      25
      29
      32
      28
      15
      19
      25
      38
      25
      30
      27
      28
      30
      38
      24
      28
      37
      31
      37
      34
      50
      32
      28
      30
      26
      23
      26
      29
      19
      30
      13
      26
      32
      28
      31
      35
      23
      26
      33
      17
      30
      23
      29
      34
      23
      28
      20
      22
      27
      21
      22
      35
      27
      27
      21
      19
      26
      29
      28
      23
      28
      31
      22
      21
      22
      23
      29
      17
      30
      31
      19
      28
      28
      21
      26
      21
      25
      34
      39
      44
      68
      71
      73
      49
      44
      43
      46
      62
      66
      52
      48
      38
      38
      33
      31
      36
      58
      72
     122
     160
     227
     275
     222
     184
     142
      75
      32
      37
      33
      37
      62
      87
      90
      90
      96
      77
      63
      54
      48
      47
      37
      39
      30
      32
      27
      24
      34
      36
      30
      37
      45
      40
      54
      38
      31
      26
      27
      24
      19
      30
      22
      30
      32
      24
      30
      22
      21
      20
      38
      26
      25
      19
      18
      25
      30
      25
      20
      17
      24
      26
      26
      27
      24
      25
      14
      31
      26
      20
      19
      31
      27
      21
      28
      27
      18
      19
      28
      21
      35
      35
      17
      23
      26
      47
      63
      91
     117
     138
     126
     123
      66
      47
      26
      32
      21
      37
      34
      33
      49
      49
      44
      33
      32
      22
      28
      34
      29
      20
      26
      38
      56
      76
     115
     121
     138
     108
      80
      48
      31
      33
      24
      24
      31
      23
      18
      16
      26
      28
      19
      21
      28
      39
      36
      37
      62
      53
      45
      27
      30
      17
      15
      22
      18
      23
      20
       9
      24
      17
      19
      17
      19
      23
      27
      13
      20
      28
      19
      17
      25
      14
      19
      19
      25
      19
      17
      27
      21
      17
      18
      26
      19
      23
      20
      24
      17
      14
      28
      18
      25
      18
      23
      20
      18
      21
      24
      26
      20
      31
      20
      30
      29
      40
      44
      69
      82
      69
      60
      54
      37
      20
      30
      17
      23
      12
      23
      30
      29
      21
      46
      30
      32
      17
      27
      22
      16
      21
      27
      24
      20
      19
      14
      18
      15
      16
      17
      16
      13
      16
      17
      22
      18
      23
      17
      19
      19
      12
      21
      15
      20
      28
      26
      21
      26
      24
      21
      17
      22
      23
      16
      27
      18
      23
      30
      37
      28
      32
      34
      35
      23
      29
      21
      27
      15
      21
      20
      22
      18
      11
      24
      21
      17
      13
      22
      22
      31
      34
      18
      27
      30
      34
      29
      14
      32
      27
      17
      19
      18
      17
      22
      20
      16
      17
      18
      19
      18
      22
      15
      22
      17
      25
      21
      21
      24
       8
      22
      18
      18
      27
      15
      25
      20
      16
      19
      16
      16
      20
      19
      20
      18
      20
      21
      27
      19
      25
      19
      20
      18
      22
      17
      20
      21
       8
      15
      13
      20
      17
      22
      15
      12
      19
      23
      14
      17
      18
      15
      17
      22
      16
      21
      22
      13
      18
      30
      24
      18
      23
      23
      23
      30
      17
      15
      25
      28
      20
      18
      22
      17
      22
      12
      25
      43
      53
      94
     149
     158
     197
     180
     157
     101
      69
      39
      28
      19
      17
      18
      23
      19
      25
      19
       5
      18
      20
      17
      17
      11
      21
      23
      27
      14
      17
      20
      15
      17
      20
      16
      18
      23
      17
      18
      18
      24
      13
      20
      25
      14
      22
      25
       3
      20
      29
      25
      21
      10
      20
      19
      18
      19
      21
      19
      23
      20
      31
      15
      14
      26
      22
      18
      17
      17
      25
      18
      13
      22
      17
      17
      20
      24
      19
      14
      19
      20
      21
      15
      22
      19
      22
      16
      28
      12
      34
      37
      72
      93
     196
     275
     477
     735
     808
     826
     675
     429
     257
     104
      67
      35
      21
      15
      17
       9
      18
      20
      10
      17
      16
      24
      19
      23
      19
      11
      12
      12
      22
      24
      25
      21
      17
      20
      15
      15
      16
      12
      16
      17
      21
      13
      18
      12
      13
      23
      22
      20
      19
      28
      15
      18
      13
      21
      14
      20
      17
      15
      22
      17
       9
      12
      16
      20
       8
      20
      12
      17
      14
      14
      15
      12
      14
      18
      16
      21
      14
      16
      15
      17
      10
       9
      20
      19
      20
       9
      13
      15
      15
      11
      16
      13
      24
      16
      25
      17
      19
      22
      17
      21
      24
      14
      23
      12
      17
      17
      11
       8
      22
      23
      10
      15
      14
      26
      19
      15
      19
      24
      13
      18
      25
      16
      15
      23
      15
      30
      19
      25
      15
      26
      29
      21
      19
      23
      22
      26
      17
      26
      20
      19
      17
      21
      23
      15
      15
      15
      13
      16
      11
      15
      20
      14
      15
      16
      18
      14
      22
      27
      20
      20
      18
      17
      22
      14
      21
      15
      14
      19
      14
      23
      15
      20
      17
      17
      24
       9
      13
      22
      14
      18
      20
      14
      14
      20
      21
      16
      11
      21
      11
      13
      22
      24
      20
      15
      17
      13
      23
      31
      36
      34
      34
      42
      31
      20
      17
      18
      24
      22
      19
      22
      18
      20
      20
      16
      14
      24
      11
      23
      29
      26
      58
      73
     105
     120
     133
     112
      70
      52
      24
      26
      16
      18
      19
      23
      16
      22
       8
      19
      19
      13
      18
      15
      13
      18
      18
      17
      24
      14
      15
      15
      21
      16
      12
      18
      14
      14
      15
      18
      14
      23
      17
      18
      23
      18
      14
      18
      16
      21
      18
      11
      19
      12
      20
      20
      19
      18
      19
      15
      19
      24
      14
       7
      23
      12
      22
      10
      27
      13
      19
      25
      30
      39
      42
      28
      21
      30
      21
      15
      23
      14
      16
      14
      16
      20
      16
      22
      15
      13
       9
      11
      23
      21
      17
      16
      14
      16
      23
      22
      15
      17
      17
      16
      17
       9
      16
      12
      21
      21
      21
      18
      21
      16
      17
      23
      27
      23
      20
      26
      20
      22
      24
      13
      22
      15
      18
      16
      14
      22
      22
      25
      22
      18
      18
      20
      28
      22
      23
      22
      20
      16
       9
       8
      17
      26
      14
      22
      30
      13
      20
      16
      13
      17
      23
      22
      17
      21
      16
      19
      16
      22
      14
      14
       5
      17
      19
      16
      19
      15
      21
      15
      20
      18
      23
      27
      18
      12
      11
      15
      21
      13
      11
      14
      19
       9
      20
      23
      16
      16
      18
      15
      18
      25
      13
      23
      16
      20
      20
      18
      17
      26
      10
      15
      17
      18
      20
      20
      19
      14
      19
      23
      20
      18
      19
      20
      18
      18
      12
      14
      18
      29
      20
      28
      21
      18
      16
      17
      24
      19
      23
      15
      25
      19
      23
      13
      21
      23
      17
      22
      21
      23
      20
      18
      25
      23
      13
      13
      17
      20
      18
      12
      20
      15
      19
      18
      17
      23
      16
      26
      10
      11
      23
      15
      20
      20
      13
      15
      21
      16
      13
      13
      18
      24
      17
      23
      21
      18
      18
      13
      12
      24
      29
      18
      22
      24
      13
      15
      16
      22
      21
      23
      21
      22
      19
      23
      21
      12
      15
      17
      19
      11
      20
      10
      18
      13
      17
      12
      17
      19
      14
      18
      18
      14
      26
      21
      12
      19
      21
      15
      13
      16
      16
      10
      27
      23
      19
      16
      17
       9
      20
      18
      14
      20
      23
      17
      15
      19
      20
      16
      16
      18
      17
      15
      17
      10
      16
      17
      15
      17
      12
      15
      11
      17
      23
      14
      17
      13
      17
      12
      18
      11
       9
      18
       9
      21
      13
       8
      20
      16
      16
      14
      22
      15
      18
      18
      22
      16
      14
      12
      19
      17
      16
      13
      15
      12
      13
      15
      22
      20
      16
      23
      12
       7
      21
      10
      11
      21
      20
      13
      17
      14
      20
      12
      13
      14
      13
       8
      15
      12
      15
       9
      11
       9
      16
      15
      12
      13
      14
      20
      24
      16
      15
      11
      19
      17
      16
      19
      20
      18
      15
      13
      12
      20
      21
      24
      12
      16
      21
      29
      24
      19
      12
      18
      13
      16
      19
      15
      24
      17
      11
      20
      17
      22
      18
      15
      17
      15
      13
      17
      21
      14
      14
      16
      16
      17
      16
      17
      14
      13
      10
      19
      11
      16
      14
      12
      19
      11
       8
      15
      14
      23
      20
      11
      13
      20
      11
      10
      28
      12
      18
      12
       6
      15
      13
      14
      14
      20
      18
      10
      17
      15
      15
      23
      20
      11
      15
      14
      20
      16
      14
      18
      23
      14
      19
      14
      17
      17
      15
      13
      21
      17
      13
      14
      16
      19
      13
      17
      12
      14
      17
      13
      17
      18
      10
      22
      10
      13
      20
      16
      21
      19
      17
      16
      18
      20
      13
      16
      28
      18
      12
      17
      15
      20
      19
      18
      18
      15
      17
      19
      16
      15
      14
      16
      20
      12
      16
      14
       9
      10
      15
      22
      20
      20
      11
      22
      19
      15
       8
      13
      11
      11
      15
      20
      17
      14
      15
      20
      15
      22
      13
      17
      10
      15
      16
      20
      15
      11
      14
      19
      14
      12
      10
      11
       7
      12
      14
       8
      18
      16
      13
      17
      12
      13
      11
      10
      25
      18
      23
       9
      17
      17
      12
      13
      17
      16
      19
      11
      11
      19
      16
       7
      16
      20
      17
      12
      21
      12
      16
      13
      17
      19
      14
      16
      10
      14
      15
      21
       8
      14
      20
      15
      15
      18
       9
      14
      13
      18
      20
      23
      11
      17
      15
      16
      13
      22
      17
      17
      22
      17
      20
      22
      23
      21
      23
      24
      31
      51
      70
     106
     109
     102
     133
     125
     128
      92
      88
      56
      50
      35
      34
      32
      19
      12
      23
      20
      18
      22
      21
      19
      27
      15
      19
      11
      11
      26
      12
      20
      19
      16
      16
      18
      20
      21
      13
      20
      28
      21
      32
      53
      60
      48
      68
      64
      60
      29
      30
      26
      20
      22
      13
      12
      21
      19
      13
      15
      19
      15
      18
       9
       8
      18
      15
      16
      22
      14
      16
      18
      20
      12
      12
      12
      11
      15
      19
      13
      13
      20
      14
      22
      23
      18
      19
      13
      31
      18
      18
      11
      18
      11
      11
      13
      10
      18
      15
      22
      18
      26
      19
      16
      16
      17
      14
      26
      11
      20
      15
      13
      24
      19
      23
      20
      21
      15
      22
      15
      19
      16
      18
      13
      22
      21
      19
      13
      14
      13
      13
      16
      13
      17
      20
      17
      20
      14
      16
      15
      21
      16
      13
      19
      19
      17
      24
      15
      17
      13
      16
      18
      17
      11
      22
      20
      23
      18
      20
      27
      18
      16
      19
      16
      18
      20
      15
      14
      17
      20
      18
      12
      20
      22
      20
      22
      15
      15
      16
      17
      16
      22
      14
      13
      16
      23
      21
      14
      15
      20
      13
      13
      13
      10
      20
      16
      16
      19
      18
      20
      23
      19
      15
      14
      16
      20
      17
      22
      14
      13
      23
      18
      20
      19
      22
      24
      21
      14
      17
      20
      17
      18
       9
      22
      22
      14
      22
      25
      14
      15
      22
      16
      13
      27
      22
      18
      21
      23
      13
      24
      23
      17
      17
      22
      29
      20
      17
      17
      12
      16
      15
      12
      14
      19
      10
      18
      15
      28
      12
      18
      19
      20
      22
      19
      23
      24
      35
      40
      61
     102
     166
     186
     209
     205
     166
     128
      90
      67
      29
      19
      17
      20
      21
      11
      15
      16
      15
      18
      18
      18
      14
      17
      20
      26
      14
      12
      19
      14
      16
      23
      32
      12
      23
      15
      21
      22
      13
      23
      15
      15
      17
      23
      22
      13
      25
      12
      17
      21
      20
      19
       9
      20
      13
      16
      23
      14
      19
      18
      17
      13
      11
      16
      17
      16
      22
      13
      13
      12
      20
      16
      18
      14
      13
      22
      16
      12
      13
      17
      18
      16
      19
      26
      20
      15
      17
      17
      16
      23
      18
      19
      22
      20
      10
      20
      17
      16
      22
      19
      13
      22
      25
      18
      19
      24
      19
      10
      18
      20
      16
      17
      11
      13
      22
      19
      14
      17
      16
      20
      21
      15
      15
      13
      15
      20
      15
      16
      18
      15
      20
      21
      23
      20
      24
      16
      17
      11
      27
      27
      19
      23
      12
      13
      24
      26
      16
      15
      19
      22
      24
      19
      17
      20
      20
      16
      17
      22
      18
      21
      11
      22
      21
      26
      16
      11
      16
      21
      13
      19
      14
      18
      10
      13
      15
      17
      15
      14
      24
      19
      19
      20
      18
      22
      23
      18
      15
      13
      13
      19
      24
      20
      17
      23
      25
      12
      21
      24
      17
      21
      17
      22
      27
      25
      24
      22
      23
      27
      24
      12
      19
      19
      19
      12
      22
      31
      18
      12
      22
      15
      21
      17
      16
      22
      26
      18
      14
      30
      17
      20
      21
      15
      17
      25
      14
      23
      22
      28
      17
      41
      35
      22
      30
      18
      29
      27
      19
      23
      19
      23
      20
      27
      26
      20
      26
      17
      34
      19
      11
      19
      16
      21
      21
      16
      19
      24
      15
      23
      22
      27
      16
      11
      21
      18
      13
      29
      15
      19
      24
      22
      16
      18
      19
      28
      14
      16
      18
      13
      21
      24
      18
      26
      24
      23
      23
      15
      27
      20
      13
      25
      24
      20
      18
      17
      16
      24
      20
      19
      26
      30
      25
      23
      21
      20
      10
      22
      16
      22
      28
      23
      19
      20
      20
      22
      21
      25
      25
      16
      21
      22
      19
      24
      23
      21
      15
      19
      20
      30
      12
      24
      19
      18
      30
      18
      25
      19
      13
      16
      20
      19
      26
      21
      26
      22
      19
      22
      27
      28
      18
      17
      19
      24
      23
      25
      18
      27
      23
      22
      34
      21
      24
      32
      18
      19
      21
      22
      22
      22
      24
      24
      20
      24
      30
      16
      25
      21
      20
      24
      22
      29
      31
      20
      26
      29
      24
      24
      24
      19
      23
      27
      23
      27
      22
      34
      19
      20
      25
      30
      27
      32
      25
      16
      23
      21
      25
      26
      18
      25
      29
      18
      28
      32
      19
      21
      22
      14
      26
      31
      24
      18
      28
      22
      24
      20
      19
      27
      23
      20
      22
      33
      23
      29
      19
      28
      29
      25
      25
      12
      24
      20
      28
      26
      21
      19
      20
      18
      17
      22
      25
      32
      24
      17
      21
      21
      22
      31
      24
      17
      23
      14
      21
      18
      25
      21
      13
      16
      22
      24
      23
      20
      25
      23
      24
      20
      15
      18
      24
      21
      10
      31
      15
      19
      23
      22
      14
      18
      17
      12
      16
      11
      16
      15
      26
      18
      18
      21
      28
      23
      16
      11
      18
      16
      12
      13
      10
      24
      15
      18
      14
      17
      18
      19
      15
      23
      14
      15
      19
      19
      12
      15
      18
      11
      15
      16
      17
      15
      17
      28
      19
      19
      16
      21
      15
      16
      13
      20
      16
      17
      24
      11
      15
      14
      14
      22
       9
      17
      18
      16
      21
      15
      13
      14
      14
      15
      20
      16
      18
      13
      17
      16
      16
      12
      17
      22
      14
      21
      14
      17
      17
      19
      18
      15
      14
      16
      13
      23
      12
      14
      10
      18
      10
      24
      21
       5
      19
       4
      10
      21
      11
      16
      13
      17
      19
      12
      15
      18
      13
      18
      13
      14
      17
      12
      20
       9
      12
      19
      17
       8
       9
      11
      16
      16
      13
      12
      20
      11
      19
      16
      15
      14
      15
      14
      13
      17
      11
      12
      15
      16
      16
      22
      14
       9
      23
      21
      42
      36
      56
      70
      77
      57
      55
      55
      32
      28
      16
      16
      13
       4
      15
      17
      19
       8
      11
      19
       5
      14
      10
      16
      13
      15
       9
      11
      11
      16
      11
      12
      13
      11
      10
      12
      20
       6
      11
       9
      15
      13
       9
      12
      11
      15
      14
      16
      15
      15
      14
       8
      19
      14
      16
      11
      14
      12
       8
      14
      11
      15
      11
      13
       7
      10
       8
       8
       9
      16
       7
       9
      13
       9
      12
      13
      12
      14
      10
      13
      10
      12
      13
      10
       5
       9
       5
       5
      12
       4
      14
      12
      10
      11
      12
      13
      13
       9
      10
      10
       7
      11
       6
      10
      12
      12
      11
      11
      16
      11
      12
       7
       9
      12
       9
       5
       7
      12
      13
      10
      12
       7
      11
      10
       5
       8
       8
      15
       7
      13
       5
       7
       8
      11
      10
      14
       6
      11
       3
      11
       8
      10
       5
       7
      14
       9
      10
      14
      11
      10
       6
       8
      11
       7
       7
       6
       8
       9
       9
      10
      13
      10
       4
       9
       6
       4
      12
       5
       6
       8
      11
       9
       5
       3
       5
       8
       7
       6
       6
       6
      10
       9
      10
      11
       7
       7
       1
       8
       8
      10
      11
       7
       3
       5
      11
      10
       9
       7
       9
      10
       8
       5
      11
       8
       5
       6
       8
       7
       3
       5
       6
       3
       9
       7
       6
       3
       5
       9
       8
       6
       5
       3
       3
       8
       5
       9
       5
       4
       9
       2
      11
      13
       2
       4
       3
       8
       6
       6
       6
       6
       9
       6
       4
       5
       4
       3
       8
       4
       6
       5
       6
       4
       5
       4
       3
       6
       6
       7
       6
      10
       2
       5
       4
       9
       8
       5
       6
       5
       3
      10
      11
       6
       4
       8
       7
       8
       9
       6
       5
       5
       6
       8
       9
       4
       8
       4
       7
       6
       2
       7
       0
       4
       5
       4
       4
       9
       5
       6
       8
       5
       5
       4
       2
       1
       9
       4
       7
       6
       6
       5
       6
       3
       9
       6
       6
       5
       3
       6
      10
       5
       5
       5
       5
       7
       7
       3
       3
       7
       5
       4
       9
       8
       5
       5
       7
       8
       2
       7
       5
       6
       8
       2
       5
       4
       8
       7
       6
       7
       5
       5
      10
       2
       8
       4
       6
       4
       6
       4
       4
       4
       5
       6
       4
       7
       8
       4
       7
       6
       9
       8
       5
       6
       7
       3
       4
       4
      10
       6
       2
       2
       4
       5
       1
       8
       5
       6
       4
       8
       6
       5
       5
       4
       4
       6
       7
       6
       5
       6
       5
       5
       6
       5
       2
       2
      11
       8
      10
      10
       7
       8
       6
       9
       5
       6
       7
      14
       2
       7
       8
       8
      11
      12
       7
       6
       2
       7
       7
       6
       6
       7
       8
       5
      14
      12
      12
      16
      30
      48
     102
     129
     263
     423
     577
     849
    1036
    1174
    1122
    1035
     775
     536
     296
     187
      83
      43
      19
       9
      11
       6
       8
       6
       8
       5
       2
       6
       3
       4
       4
       2
       9
       2
       7
       4
       4
       4
       5
       1
       4
       3
       5
       6
       3
       2
       5
       6
       4
       5
       6
       6
       6
       5
       7
       4
       2
       2
       5
       5
       2
       6
       2
       4
       1
       4
       3
       1
       2
       0
       5
       0
       1
       1
       6
       5
       2
       2
       5
       1
       4
       3
       3
       1
       3
       2
       6
       2
       4
       4
       5
       2
       2
       2
       4
       4
       4
       2
       2
       3
       3
       3
       4
       2
       3
       0
       0
       3
       5
       6
       4
       1
       5
       5
       4
       4
       1
       5
       3
       7
       5
       6
       4
       4
       3
       2
       6
       2
       2
       4
       1
       5
       7
       1
       6
       1
       1
       1
       2
       1
       4
       1
       3
       3
       2
       2
       5
       1
       4
       4
       2
       7
       4
       2
       7
       5
       5
       1
       4
       2
      11
       1
       5
       4
       4
       3
       3
       3
       2
       4
       4
       1
       4
       3
       4
       4
       2
       3
       1
       1
       2
       6
       2
       5
       3
       4
       1
       4
       3
       1
       5
       4
       4
       0
       7
       6
       6
       6
      13
       7
       8
       6
       7
       4
       6
       4
       6
       2
       4
       4
       0
       3
       6
       2
       6
       4
       3
       6
       5
       4
       7
       2
       2
       4
       6
       4
       5
       2
       2
       2
       5
       4
       6
       2
       3
       3
       8
       2
       1
       1
       3
       6
       1
       4
       2
       3
       3
       4
       4
       2
       1
       5
       2
       5
       5
       3
       1
       4
       4
       1
       4
       4
       3
       4
       3
       5
       2
       4
       1
       0
       2
       6
       2
       4
       3
       1
       5
       3
       2
       4
       3
       5
       5
       3
       4
       0
       1
       2
       0
       3
       3
       1
       0
       2
       2
       6
       1
       2
       0
       3
       3
       5
       4
       5
       2
       1
       4
       4
       3
       2
       4
       3
       3
       6
       3
       2
       5
       3
       3
       3
       6
       0
       2
       2
       2
       4
       2
       3
       3
       4
       3
       6
       3
       5
       4
       5
       4
       3
       3
       5
       2
       6
       4
       7
       4
       6
       8
       4
       2
       3
       4
       4
       4
       4
       3
       6
       3
       2
       1
       4
       7
       2
       3
       6
       4
       4
       4
       1
       0
       8
       2
       4
       7
       1
       5
       3
       3
       3
       3
       5
       4
       3
       1
       0
       4
       4
       2
       2
       3
       5
       2
       2
       2
       1
       3
       1
       7
       3
       6
       3
       1
       4
       4
       3
       3
       3
       3
       5
       3
       1
       4
       0
       3
       3
       3
       1
       9
       5
       5
       1
       3
       3
       6
       5
       4
       6
       5
       2
       3
       0
       2
       2
       3
       5
       1
       3
       1
       2
       3
       5
       1
       3
       4
       5
       2
       2
       3
       1
       1
       7
       1
       5
       6
       1
       2
       4
       3
       4
       2
       3
       2
       9
       2
       5
       8
       1
       5
       1
       6
       5
       1
       1
       3
       3
       4
       3
       2
       2
       9
       3
       3
       6
       0
       0
       5
       3
       0
       4
       2
       2
       5
       5
       3
       2
       1
       7
       0
       3
       3
       3
       1
       2
       2
       4
       8
       1
       5
       7
       3
       4
       2
       4
       1
       3
       2
       6
       4
       4
       1
      10
       3
       1
       3
       1
       3
       6
       3
       3
       7
       6
       4
       0
       4
       3
       4
       2
       3
       3
       4
       4
       0
       2
       2
       6
       2
       3
       3
       5
       4
       2
       3
       4
       1
       1
       0
       5
       4
       5
       3
       1
       2
       5
       3
       3
       5
       6
       3
       5
       2
       3
       3
       3
       2
       3
       0
       5
       2
       3
       1
       2
       5
       0
       0
       6
       5
       2
       2
       4
       3
       5
       2
       2
       2
       2
       4
       1
       0
       4
       4
       3
       1
       0
       8
       3
       3
       2
       3
       3
       4
       6
       2
       1
       6
       2
       3
       2
       0
       1
       5
       1
       1
       3
       2
       4
       1
       2
       4
       4
       4
       4
       1
       1
       2
       2
       8
       4
       6
       4
       3
       3
       0
       3
       4
       4
       0
       2
       0
       4
       5
       3
       2
       6
       3
       4
       4
       2
       0
       6
       1
       3
       5
       1
       3
       6
       2
       5
       4
       3
       3
       6
       3
       3
       4
       2
       3
       4
       1
       3
       3
       4
       1
       1
       8
       2
       5
       4
       4
       5
       3
       3
       6
       3
       3
       1
       3
       0
       4
       2
       5
       1
       5
       3
       2
       3
       5
       2
       3
       5
       7
       3
       4
       2
       1
       2
       3
       3
       4
       2
       6
       0
       5
       4
       3
       5
       1
       3
       2
       6
       8
       2
       0
       2
       2
       3
       5
       3
       4
       3
       4
       0
       4
       3
       5
       3
       4
       3
       7
       2
       7
       5
       3
       3
       3
       4
       0
       2
       3
       1
       4
       2
       2
       2
       5
       5
       2
       2
       5
       3
       3
       1
       3
       2
       1
       3
       3
       3
       4
       2
       3
       2
       5
       1
       5
       2
       2
       1
       1
       6
       1
       0
       0
       2
       0
       3
       2
       1
       5
       2
       4
       3
       2
       2
       3
       1
       4
       1
       3
       5
       1
       5
       3
       2
       4
       3
       1
       2
       2
       2
       0
       3
       1
       1
       9
       1
       1
       3
       0
       2
       4
       5
       2
       0
       1
       1
       4
       2
       3
       3
       4
       4
       3
       1
       4
       4
       1
       8
       4
       0
       5
       4
       0
       2
       1
       5
       1
       2
       3
       5
       2
       2
       2
       3
       4
       1
       1
       2
       1
       9
       2
       3
       1
       2
       3
       0
       3
       4
       3
       1
       3
       1
       3
       3
       2
       0
       1
       2
       1
       1
       2
       2
       1
       2
       2
       1
       2
       4
       0
       0
       2
       3
       2
       3
       3
       4
       2
       5
       4
       2
       3
       1
       3
       4
       1
       1
       1
       0
       3
       1
       2
       1
       2
       4
       4
       2
       4
       2
       5
       2
       5
       1
       0
       2
       3
       2
       1
       4
       3
       5
       0
       2
       5
       1
       4
       2
       3
       4
       1
       3
       4
       0
       2
       2
       1
       1
       3
       1
       2
       2
       0
       2
       2
       4
       1
       1
       4
       3
       2
       1
       2
       1
       1
       4
       5
       5
       3
       2
       2
       7
       2
       1
       2
       4
       2
       3
       4
       0
       1
       0
       3
       3
       4
       3
       1
       4
       1
       1
       1
       0
       1
       5
       3
       1
       1
       1
       3
       0
       2
       3
       2
       0
       3
       3
       3
       3
       1
       3
       2
       1
       3
       0
       1
       1
       4
       3
       5
       0
       4
       4
       3
       0
       0
       2
       1
       1
       2
       5
       4
       1
       1
       1
       4
       5
       2
       2
       0
       4
       5
       3
       0
       2
       1
       0
       0
       2
       4
       1
       0
       4
       3
       2
       2
       2
       1
       2
       1
       0
       1
       0
       0
       1
       3
       4
       2
       3
       0
       1
       3
       3
       1
       3
       3
       2
       1
       1
       2
       3
       0
       4
       2
       2
       1
       3
       2
       1
      11
       3
       2
       1
       2
       3
       3
       1
       1
       2
       5
       3
       2
       1
       1
       0
       1
       2
       1
       1
       3
       0
       3
       1
       0
       2
       4
       1
       2
       2
       1
       0
       0
       3
       0
       1
       0
       0
       3
       1
       2
       3
       2
       3
       2
       2
       1
       6
       3
       2
       1
       0
       2
       3
       3
       3
       1
       4
       2
       2
       2
       1
       1
       2
       1
       4
       1
       1
       0
       0
       0
       0
       0
       0
       0
       0
       0
       0
       0
       0
       0
       0
       0
       0
       0
       0
       0
       0
       0
       0
       0
       0
       0
       0
       0
       0
       0
       0
       0
       0
       0
       0
       0
       0
       0
       0
       0
       0
       0
       0
       0
       0
       0
       0
       0
       0
       0
       0
       0
       0
       0
       0
       0
       0
       0
       0
       0
       0
       0
       0
       0
       0
       0
       0
       0
       0
       0
       0
       0
       0
       0
       0
       0
       0
       0
       0
       0
       0
       0
       0
       0
       0
       0
       0
       0
       0
       0
       0
       0
       0
       0
       0
       0
       0
       0
       0
       0
       0
       0
       0
       0
       0
       0
       0
       0
       0
       0
       0
       0
       0
       0
       0
       0
       0
       0
       0
       0
       0
       0
       0
       0
       0
       0
       0
       0
       0
$ROI:
8
142 175
622 632
635 651
769 786
1213 1483
1682 1828
3804 3923
6892 6933
$PRESETS:
None
0
0
$ENER_FIT:
0.200042 0.378074
$MCA_CAL:
3
2.000416E-001 3.780739E-001 1.596453E-008 keV
$SHAPE_CAL:
3
2.091645E+000 1.039361E-003 -4.171630E-008
