$SPEC_ID:
No sample description was entered.
$SPEC_REM:
DET# 1
DETDESC# BETA MCB 129 Input 1
AP# GammaVision Version 6.09
$DATE_MEA:
04/25/2014 12:15:15
$MEAS_TIM:
80000 80136
$DATA:
0 8191
       0
       0
       0
       0
       0
       0
       0
       0
       0
       0
       0
       0
       0
       0
       0
       0
       0
       0
       0
       0
       0
       0
       0
       0
       0
       0
       0
       0
       0
       0
       0
       0
       0
       0
       0
       0
       0
       0
       0
       0
       0
       0
      30
      30
      90
     751
     987
    1176
    1528
    2122
    2653
    3130
    3332
    3109
    2786
    2523
    2330
    2469
    2522
    2464
    2449
    2418
    2455
    2424
    2404
    2401
    2391
    2305
    2330
    2256
    2235
    2301
    2093
    2290
    2173
    2145
    2134
    2123
    2170
    2096
    2117
    2055
    2126
    2067
    2123
    2087
    2033
    2063
    2097
    2023
    2007
    2006
    2022
    1959
    2104
    2061
    1942
    1938
    2012
    1978
    1960
    1915
    2016
    1916
    1966
    2019
    1947
    1914
    1949
    1958
    1977
    1968
    1865
    1930
    1944
    1931
    1892
    1868
    1904
    1979
    1942
    2055
    2147
    1996
    1799
    1907
    1904
    1845
    1898
    1920
    1940
    1900
    1975
    1941
    2006
    1968
    1923
    1959
    1948
    1981
    2033
    1975
    1999
    2003
    1999
    2008
    2076
    2114
    2042
    2035
    2110
    2102
    2058
    2233
    2109
    2207
    2235
    2170
    2222
    2277
    2325
    2271
    2317
    2322
    2445
    2752
    3114
    2852
    2429
    2392
    2455
    2392
    2424
    2439
    2498
    2569
    2483
    2562
    2558
    2559
    2572
    2574
    2652
    2681
    2633
    2712
    2760
    2835
    2743
    2960
    2861
    3187
    3120
    2914
    3073
    4149
    6546
    6766
    4159
    2979
    3055
    4710
    8861
    8999
    4727
    2704
    2505
    2543
    2770
    2715
    2520
    2510
    2633
    2850
    2705
    2492
    2559
    2537
    2666
    2881
    3283
    3480
    3240
    3007
    2710
    2618
    2705
    3166
    4296
    5069
    4693
    3342
    2665
    2722
    2844
    3448
    4344
    3937
    2964
    2664
    2501
    2765
    3715
    4830
    4840
    4428
    3807
    2949
    2740
    2730
    2607
    2441
    2353
    2506
    2403
    2421
    2568
    2458
    2598
    2615
    2615
    2863
    2826
    2630
    2410
    2426
    2411
    2438
    2381
    2403
    2423
    2487
    2392
    2418
    2497
    2586
    2772
    2926
    2865
    2506
    2469
    2492
    2509
    2467
    2521
    2621
    2607
    2578
    2573
    2515
    2513
    2469
    2477
    2548
    2573
    2495
    2620
    2582
    2641
    2436
    2463
    2564
    2714
    2774
    2618
    2527
    2452
    2437
    2491
    2472
    2344
    2506
    2496
    2453
    2516
    2351
    2379
    2499
    2526
    2430
    2580
    2499
    2539
    2493
    2517
    2426
    2524
    2495
    2493
    2442
    2526
    2508
    2559
    2544
    2562
    2555
    2618
    2639
    2927
    3378
    3554
    2940
    2545
    2613
    2698
    2583
    2632
    2530
    2564
    2505
    2476
    2465
    2532
    2506
    2513
    2528
    2454
    2568
    2455
    2468
    2400
    2514
    2515
    2548
    2468
    2508
    2516
    2545
    2526
    2467
    2559
    2481
    2513
    2461
    2341
    2489
    2533
    2655
    2944
    2884
    2577
    2437
    2432
    2478
    2628
    2421
    2371
    2379
    2350
    2431
    2328
    2486
    2345
    2380
    2369
    2441
    2447
    2318
    2504
    2332
    2388
    2436
    2383
    2470
    2577
    2841
    2753
    2419
    2331
    2318
    2343
    2255
    2275
    2195
    2337
    2249
    2284
    2283
    2306
    2210
    2249
    2142
    2265
    2200
    2188
    2125
    2188
    2096
    2178
    2274
    2381
    2225
    2137
    2204
    2152
    2160
    2195
    2226
    2267
    2124
    2144
    2166
    2151
    2060
    2157
    2189
    2042
    2073
    2042
    2122
    2022
    2063
    2081
    2068
    2093
    2059
    2162
    2047
    2096
    2005
    1953
    2002
    2036
    2011
    2055
    2107
    2007
    2037
    2012
    2022
    1968
    2032
    2069
    2005
    2091
    1998
    1988
    2023
    2052
    2057
    2037
    2001
    1988
    1998
    2044
    2111
    2104
    2526
    3966
    5345
    5225
    3538
    2244
    1991
    1881
    1940
    1815
    2034
    1880
    1895
    1820
    1917
    1848
    1980
    1946
    1904
    1793
    1905
    1899
    1832
    1843
    1941
    1886
    1830
    1950
    1796
    1876
    1904
    1832
    1795
    1750
    1780
    1776
    1920
    1920
    1932
    1919
    1835
    1809
    1904
    1795
    1869
    1760
    1773
    1752
    1802
    1770
    1811
    1869
    1769
    1892
    1942
    1780
    1762
    1716
    1703
    1758
    1714
    1742
    2145
    3103
    3329
    2489
    1810
    1646
    1706
    1718
    1678
    1753
    1620
    1643
    1670
    1648
    1672
    1719
    1733
    1695
    1713
    1845
    1798
    1747
    1672
    1689
    1759
    1706
    1695
    1759
    1722
    1688
    1724
    1691
    1747
    1725
    1763
    1778
    1620
    1713
    1816
    1776
    1725
    1715
    1788
    1728
    1701
    1693
    1727
    1777
    1754
    1702
    1750
    1656
    1673
    1738
    1694
    1766
    1639
    1720
    1684
    1682
    1737
    1718
    1681
    1641
    1674
    1712
    1735
    1673
    1648
    1685
    1689
    1849
    2022
    1987
    1797
    1714
    2015
    4771
   13778
   21181
   14746
    5099
    1915
    1715
    2332
    3235
    3587
    4469
    5256
    3642
    1910
    1472
    1361
    1297
    1379
    1418
    1456
    1379
    1375
    1339
    1350
    1261
    1318
    1297
    1324
    1309
    1335
    1377
    1374
    1302
    1307
    1314
    1319
    1303
    1328
    1327
    1397
    1386
    1277
    1310
    1299
    1284
    1301
    1288
    1306
    1409
    1452
    1276
    1256
    1315
    1305
    1423
    1482
    1416
    1325
    1251
    1209
    1222
    1194
    1206
    1200
    1242
    1155
    1141
    1204
    1170
    1208
    1200
    1182
    1185
    1214
    1210
    1178
    1165
    1144
    1078
    1143
    1188
    1233
    1316
    1603
    2049
    2379
    2199
    1697
    1500
    1312
    1129
    1168
    1154
    1150
    1143
    1186
    1226
    1240
    1212
    1134
    1153
    1198
    1244
    1621
    1835
    1628
    1261
    1149
    1140
    1137
    1056
    1025
    1060
    1049
    1085
    1027
    1111
    1009
    1105
    1100
    1084
    1143
    1081
    1058
    1091
    1033
    1011
    1040
    1089
    1049
    1056
    1089
    1163
    1150
    1077
    1077
    1029
    1002
    1023
    1001
    1084
     981
    1004
     980
    1006
    1002
     999
    1070
    1281
    2503
    6142
    9037
    6550
    2743
    1208
    1008
     963
     927
     918
     874
     919
     993
    1266
    1813
    2243
    1661
    1156
     960
     921
     935
     993
     877
     941
     902
     935
     901
     928
     926
     919
     906
     869
     915
     927
     975
     865
     911
     916
     906
     857
     862
     889
     878
     911
     837
     860
     936
     875
     863
     920
     872
     882
     904
     901
     940
     882
     844
     844
     852
     866
     798
     889
     836
     820
     855
     869
     824
     810
     798
     808
     840
     892
     950
     807
     846
     867
     843
     913
     895
     844
     908
     805
     836
     843
     805
     889
     968
    1367
    1766
    1661
    1180
     955
     838
     848
     872
     848
     824
     817
     834
     923
     860
     842
     800
     800
     813
     852
     803
     837
     810
     824
     752
     820
     809
    1189
    2362
    4177
    4288
    2591
    1218
     841
     825
     804
     857
     916
     849
     778
     749
     774
     829
     757
     772
     733
     760
     668
     791
     751
     697
     767
     779
     682
     742
     797
     775
     787
     774
     803
     777
     857
    1188
    2970
    7562
   13444
   12193
    5914
    1839
     757
     698
     705
     671
     666
     604
     658
     658
     695
     710
     665
     703
     649
     648
     683
     632
     675
     626
     638
     695
     638
     642
     671
     684
     629
     625
     617
     640
     664
     639
     707
     669
     674
     651
     656
     667
     705
     660
     687
     682
     700
     645
     622
     630
     637
     653
     620
     626
     654
     606
     637
     695
     686
     641
     617
     679
     695
     627
     614
     634
     634
     654
     632
     607
     731
     679
     608
     615
     615
     588
     680
     649
     613
     650
     642
     634
     632
     561
     642
     640
     626
     622
     650
     605
     624
     628
     637
     695
     692
     698
     626
     729
     623
     701
     749
     685
     650
     639
     622
     615
     621
     606
     614
     637
     611
     644
     624
     635
     631
     601
     585
     682
     620
     607
     661
     600
     583
     618
     635
     606
     595
     634
     669
     634
     633
     616
     668
     717
     709
     657
     611
     638
     631
     555
     601
     672
     644
     679
     649
     635
     649
     618
     563
     583
     586
     626
     825
     936
    1132
     954
     666
     636
     583
     561
     617
     596
     593
     593
     589
     574
     571
     583
     660
     582
     621
     594
     560
     563
     619
     581
     543
     563
     571
     567
     603
     598
     555
     570
     592
     508
     555
     524
     583
     548
     598
     571
     590
     539
     575
     566
     543
     553
     564
     569
     608
     599
     526
     546
     532
     541
     541
     584
     542
     546
     518
     540
     590
     576
     567
     542
     531
     546
     550
     492
     542
     533
     497
     525
     509
     486
     530
     523
     526
     571
     636
     676
     667
     600
     522
     527
     542
     518
     528
     563
     547
     482
     473
     508
     540
     497
     505
     550
     486
     549
     471
     495
     511
     527
     468
     518
     503
     518
     495
     513
     474
     495
     524
     496
     497
     497
     512
     594
     605
     565
     553
     536
     564
     532
     516
     558
     523
     494
     477
     497
     499
     451
     486
     482
     451
     503
     485
     441
     510
     519
     479
     584
     662
     879
    1330
    1551
    1153
     704
     529
     478
     519
     462
     471
     472
     494
     519
     491
     441
     447
     498
     474
     455
     484
     465
     499
     481
     481
     464
     433
     462
     497
     466
     481
     498
     509
     481
     511
     477
     468
     461
     496
     559
     675
     781
     769
     625
     532
     457
     453
     499
     528
     504
     549
     434
     463
     469
     494
     463
     467
     454
     441
     430
     492
     465
     425
     436
     504
     520
     553
     517
     496
     498
     421
     444
     435
     444
     475
     454
     472
     427
     408
     454
     456
     455
     438
     435
     412
     458
     437
     455
     461
     452
     436
     420
     426
     424
     464
     468
     440
     449
     453
     439
     427
     418
     409
     418
     448
     455
     445
     418
     368
     463
     463
     452
     449
     425
     423
     420
     431
     410
     428
     466
     434
     482
     540
     604
     680
     760
    1036
    1659
    2296
    2210
    1706
    1102
     855
     711
     532
     484
     482
     483
     426
     441
     427
     409
     461
     411
     412
     427
     430
     426
     394
     396
     422
     416
     388
     412
     417
     415
     415
     421
     418
     449
     398
     429
     396
     411
     452
     431
     414
     406
     393
     435
     439
     426
     396
     391
     438
     369
     395
     424
     440
     387
     412
     410
     397
     391
     406
     418
     408
     414
     496
     478
     395
     468
     403
     409
     392
     372
     419
     431
     391
     395
     394
     407
     436
     431
     391
     379
     406
     385
     386
     416
     382
     399
     399
     399
     429
     411
     421
     412
     391
     381
     393
     399
     436
     435
     421
     427
     400
     423
     389
     399
     384
     446
     410
     430
     399
     416
     407
     396
     374
     405
     398
     385
     408
     393
     392
     352
     395
     409
     399
     436
     414
     405
     394
     377
     433
     362
     382
     389
     433
     414
     389
     411
     426
     502
     526
     565
     505
     468
     408
     386
     376
     405
     399
     406
     418
     397
     385
     346
     364
     384
     406
     369
     391
     410
     381
     368
     414
     417
     412
     431
     407
     412
     422
     397
     379
     394
     407
     409
     404
     376
     402
     391
     392
     391
     392
     389
     377
     417
     404
     395
     514
     481
     453
     468
     400
     473
     824
    2065
    4063
    5779
    5000
    2737
    1213
     461
     384
     380
     381
     396
     388
     366
     348
     362
     373
     363
     411
     380
     385
     382
     330
     368
     365
     366
     384
     388
     366
     377
     377
     382
     373
     361
     371
     345
     400
     381
     373
     359
     357
     389
     386
     385
     356
     413
     374
     382
     356
     378
     366
     385
     370
     379
     368
     371
     381
     414
     396
     451
     445
     409
     419
     365
     386
     376
     401
     432
     653
    1467
    4008
    7621
    9309
    7210
    3597
    1316
     550
     360
     336
     357
     339
     381
     378
     336
     343
     340
     354
     331
     366
     372
     332
     355
     347
     365
     368
     363
     332
     386
     330
     342
     362
     362
     373
     349
     366
     383
     327
     322
     330
     340
     351
     350
     321
     306
     330
     325
     345
     363
     356
     357
     366
     341
     325
     363
     352
     314
     356
     335
     340
     316
     323
     353
     363
     350
     370
     337
     335
     352
     333
     331
     326
     326
     324
     339
     347
     328
     344
     357
     361
     348
     350
     324
     330
     328
     366
     350
     345
     340
     342
     347
     364
     341
     383
     343
     340
     312
     302
     356
     349
     308
     340
     369
     315
     331
     305
     323
     376
     362
     356
     325
     327
     348
     367
     382
     354
     358
     339
     347
     334
     304
     348
     343
     340
     340
     312
     326
     314
     376
     343
     354
     338
     336
     345
     363
     335
     374
     317
     389
     437
     536
     516
     449
     408
     350
     342
     330
     356
     409
     480
     607
     559
     543
     428
     338
     288
     384
     350
     360
     298
     360
     375
     323
     331
     330
     329
     344
     299
     332
     317
     319
     313
     324
     330
     343
     341
     351
     349
     331
     343
     341
     323
     353
     369
     339
     323
     348
     362
     308
     323
     358
     317
     323
     335
     332
     323
     381
     335
     365
     348
     338
     318
     345
     336
     321
     340
     380
     330
     342
     320
     342
     361
     325
     295
     336
     366
     353
     339
     374
     359
     360
     316
     325
     351
     349
     331
     328
     296
     349
     339
     329
     353
     371
     318
     332
     311
     365
     326
     330
     328
     361
     361
     344
     326
     344
     351
     350
     423
     387
     413
     401
     401
     360
     392
     343
     364
     349
     329
     328
     361
     358
     343
     358
     313
     347
     363
     362
     319
     344
     324
     344
     353
     319
     341
     361
     344
     306
     299
     336
     328
     319
     346
     332
     340
     320
     334
     305
     312
     307
     282
     342
     313
     362
     399
     363
     354
     385
     356
     348
     342
     331
     322
     340
     342
     343
     311
     324
     287
     349
     357
     388
     596
    1037
    1434
    1416
     970
     614
     405
     329
     297
     325
     257
     302
     320
     314
     324
     363
     282
     323
     334
     312
     324
     332
     306
     339
     333
     318
     315
     313
     296
     323
     353
     320
     305
     306
     313
     346
     304
     348
     333
     327
     283
     319
     349
     352
     335
     309
     313
     318
     311
     325
     326
     314
     318
     322
     306
     323
     290
     336
     332
     314
     298
     300
     303
     312
     308
     307
     303
     301
     332
     335
     329
     311
     349
     336
     358
     379
     471
     437
     393
     329
     338
     344
     318
     317
     328
     304
     303
     303
     289
     307
     304
     322
     318
     305
     368
     346
     375
     413
     351
     350
     336
     338
     302
     343
     386
     393
     354
     392
     551
     776
    1014
     986
     787
     537
     373
     300
     317
     312
     339
     387
     505
     479
     491
     367
     327
     348
     316
     286
     303
     339
     302
     280
     291
     293
     291
     277
     249
     295
     293
     274
     313
     284
     295
     320
     293
     321
     350
     389
     336
     331
     294
     291
     320
     349
     406
     509
     618
     548
     468
     392
     341
     302
     271
     282
     298
     317
     275
     298
     263
     310
     293
     311
     309
     311
     289
     309
     282
     373
     483
     664
     862
     883
     737
     487
     361
     315
     281
     298
     248
     274
     275
     285
     299
     290
     292
     305
     241
     299
     245
     290
     299
     267
     281
     281
     262
     273
     279
     287
     363
     431
     454
     409
     328
     295
     268
     302
     262
     305
     275
     277
     283
     310
     283
     280
     277
     308
     270
     276
     284
     289
     300
     292
     298
     274
     285
     308
     298
     277
     302
     261
     287
     241
     274
     298
     264
     308
     299
     275
     303
     300
     286
     276
     300
     283
     276
     246
     256
     289
     263
     259
     282
     286
     296
     311
     314
     304
     240
     276
     281
     278
     302
     270
     331
     360
     321
     316
     295
     292
     325
     307
     296
     282
     317
     303
     330
     316
     372
     478
     511
     432
     364
     314
     303
     285
     284
     349
     405
     409
     414
     395
     430
     391
     347
     307
     275
     282
     270
     275
     275
     278
     258
     272
     276
     242
     257
     262
     272
     287
     271
     285
     274
     238
     285
     262
     260
     268
     289
     277
     240
     269
     288
     307
     285
     302
     269
     286
     270
     294
     290
     262
     302
     262
     253
     272
     274
     291
     269
     248
     287
     311
     332
     500
     686
     825
     781
     611
     400
     331
     278
     263
     274
     267
     261
     276
     294
     282
     273
     298
     274
     263
     289
     275
     257
     290
     278
     253
     256
     240
     302
     293
     274
     275
     257
     277
     273
     310
     299
     264
     269
     309
     311
     277
     259
     288
     282
     272
     263
     291
     281
     281
     263
     278
     267
     322
     279
     283
     291
     276
     256
     293
     272
     251
     277
     298
     301
     291
     281
     255
     255
     244
     268
     243
     258
     279
     285
     282
     281
     288
     274
     275
     274
     269
     302
     255
     275
     275
     265
     268
     286
     341
     291
     313
     295
     281
     281
     258
     266
     289
     305
     266
     262
     304
     287
     277
     296
     273
     274
     300
     260
     280
     276
     290
     314
     283
     259
     308
     313
     337
     373
     346
     355
     313
     297
     288
     311
     304
     279
     308
     290
     300
     300
     308
     385
     626
    1264
    2310
    3385
    3510
    2646
    1480
     743
     373
     333
     276
     256
     279
     267
     271
     286
     303
     297
     287
     259
     278
     286
     260
     254
     269
     261
     258
     266
     262
     251
     280
     288
     276
     259
     290
     288
     278
     249
     274
     306
     257
     288
     264
     292
     281
     302
     266
     267
     277
     260
     271
     274
     290
     254
     285
     281
     276
     266
     253
     253
     296
     369
     486
     592
     685
     571
     454
     336
     315
     266
     275
     253
     279
     264
     261
     283
     243
     282
     265
     261
     257
     260
     282
     287
     275
     252
     269
     289
     292
     281
     250
     281
     290
     273
     276
     276
     298
     289
     312
     329
     343
     351
     392
     436
     442
     469
     448
     400
     403
     363
     316
     336
     311
     297
     274
     298
     287
     255
     269
     263
     264
     296
     274
     264
     307
     280
     274
     288
     314
     280
     275
     282
     306
     284
     278
     303
     295
     304
     285
     258
     310
     396
     523
     671
     908
     836
     734
     462
     359
     333
     296
     323
     487
     829
    1429
    2019
    2191
    1702
    1072
     566
     375
     340
     280
     275
     276
     255
     256
     261
     280
     261
     282
     291
     253
     264
     262
     280
     284
     276
     286
     327
     269
     278
     274
     275
     270
     253
     259
     252
     302
     261
     288
     294
     264
     271
     267
     306
     260
     271
     271
     286
     270
     247
     272
     279
     269
     317
     285
     313
     277
     271
     269
     286
     260
     270
     283
     299
     280
     278
     277
     300
     310
     277
     295
     282
     280
     284
     279
     260
     272
     284
     285
     256
     279
     301
     299
     281
     279
     315
     350
     408
     400
     399
     371
     311
     283
     270
     257
     273
     266
     299
     289
     251
     296
     262
     309
     297
     264
     306
     273
     261
     262
     287
     285
     298
     273
     258
     295
     294
     284
     303
     272
     291
     255
     275
     293
     276
     283
     283
     247
     264
     283
     288
     272
     278
     285
     282
     281
     272
     265
     302
     297
     278
     282
     290
     299
     304
     282
     294
     278
     288
     298
     304
     242
     293
     268
     288
     297
     272
     287
     281
     289
     294
     307
     265
     288
     295
     285
     284
     279
     271
     317
     277
     316
     280
     329
     294
     320
     310
     273
     261
     295
     295
     291
     313
     271
     274
     288
     314
     284
     275
     292
     294
     286
     296
     278
     287
     304
     307
     294
     284
     347
     296
     292
     287
     268
     279
     272
     294
     278
     289
     304
     305
     275
     297
     302
     294
     318
     315
     303
     287
     276
     283
     322
     325
     322
     349
     320
     318
     296
     275
     283
     319
     304
     261
     302
     293
     324
     285
     287
     311
     283
     278
     296
     265
     303
     299
     329
     291
     283
     306
     319
     305
     276
     283
     301
     304
     339
     305
     352
     369
     306
     330
     337
     327
     294
     311
     299
     308
     311
     293
     321
     322
     322
     296
     321
     312
     291
     288
     277
     301
     262
     309
     293
     316
     315
     308
     291
     277
     303
     302
     322
     327
     313
     364
     367
     370
     374
     312
     340
     306
     340
     314
     294
     304
     306
     306
     266
     302
     297
     334
     295
     281
     298
     319
     306
     316
     297
     312
     319
     295
     294
     301
     286
     309
     329
     307
     300
     290
     304
     308
     303
     324
     322
     349
     337
     344
     358
     332
     325
     314
     304
     333
     329
     343
     316
     357
     307
     289
     318
     327
     343
     315
     318
     304
     322
     298
     330
     304
     311
     333
     343
     340
     315
     321
     348
     352
     322
     318
     291
     339
     334
     299
     320
     329
     341
     386
     356
     343
     355
     361
     345
     311
     366
     346
     310
     317
     301
     342
     384
     329
     308
     335
     341
     343
     328
     376
     335
     346
     375
     384
     469
     774
    1163
    1758
    1895
    1695
    1303
     784
     490
     354
     355
     358
     375
     365
     364
     353
     340
     327
     357
     347
     353
     347
     319
     351
     331
     333
     355
     311
     372
     342
     334
     355
     344
     344
     345
     353
     326
     351
     379
     383
     360
     327
     346
     384
     299
     366
     340
     329
     377
     360
     367
     328
     336
     347
     374
     370
     347
     351
     356
     355
     370
     353
     343
     321
     334
     368
     380
     358
     362
     344
     358
     358
     322
     381
     359
     340
     326
     368
     325
     359
     338
     353
     350
     329
     325
     360
     352
     343
     360
     367
     386
     386
     375
     394
     493
     489
     522
     513
     455
     426
     382
     366
     368
     337
     370
     384
     326
     344
     405
     345
     350
     383
     349
     385
     402
     383
     384
     395
     400
     422
     405
     396
     393
     379
     370
     382
     379
     370
     361
     414
     371
     382
     338
     401
     388
     355
     361
     388
     379
     374
     390
     431
     409
     410
     471
     381
     411
     384
     413
     393
     411
     385
     373
     376
     378
     388
     409
     402
     381
     391
     380
     398
     390
     387
     411
     394
     393
     396
     398
     405
     438
     405
     382
     401
     441
     428
     382
     419
     372
     382
     401
     452
     391
     369
     406
     411
     355
     439
     384
     438
     389
     386
     389
     382
     409
     405
     402
     417
     399
     409
     392
     411
     422
     382
     429
     381
     364
     370
     381
     406
     405
     423
     417
     410
     417
     395
     407
     418
     438
     420
     390
     444
     407
     419
     436
     427
     423
     448
     448
     409
     411
     474
     463
     455
     482
     446
     474
     395
     436
     433
     445
     423
     416
     415
     430
     443
     409
     423
     426
     429
     436
     411
     412
     465
     445
     467
     421
     468
     484
     439
     443
     423
     431
     496
     456
     468
     428
     467
     441
     446
     464
     457
     444
     460
     406
     447
     443
     463
     488
     432
     500
     441
     470
     490
     470
     478
     448
     442
     446
     458
     449
     431
     466
     482
     516
     470
     459
     450
     472
     443
     425
     418
     472
     462
     507
     468
     417
     429
     433
     481
     484
     567
     707
     886
    1051
     931
     794
     617
     495
     423
     430
     403
     395
     408
     376
     365
     411
     375
     377
     382
     393
     343
     399
     379
     343
     357
     368
     371
     373
     391
     363
     386
     329
     307
     317
     301
     305
     314
     300
     309
     303
     338
     314
     336
     357
     357
     343
     326
     318
     299
     277
     303
     305
     330
     293
     295
     326
     311
     299
     319
     285
     306
     316
     306
     298
     298
     299
     323
     281
     288
     281
     277
     284
     283
     284
     299
     265
     259
     259
     288
     270
     278
     282
     280
     303
     305
     304
     274
     265
     285
     314
     275
     279
     259
     292
     320
     259
     290
     274
     279
     279
     269
     284
     265
     280
     257
     296
     281
     277
     259
     269
     290
     262
     291
     300
     352
     353
     353
     343
     348
     296
     283
     260
     212
     210
     244
     256
     228
     260
     276
     262
     240
     282
     261
     235
     264
     228
     276
     249
     276
     221
     248
     235
     244
     236
     272
     241
     220
     250
     242
     233
     230
     248
     241
     243
     244
     236
     252
     237
     242
     236
     235
     221
     236
     217
     231
     246
     208
     214
     254
     259
     228
     232
     262
     226
     233
     237
     229
     243
     212
     229
     192
     235
     220
     232
     197
     217
     251
     205
     203
     222
     219
     188
     216
     211
     220
     193
     227
     190
     193
     218
     225
     195
     224
     206
     224
     202
     192
     175
     219
     217
     200
     211
     224
     194
     207
     211
     199
     206
     189
     181
     166
     182
     182
     204
     182
     198
     166
     183
     178
     184
     187
     190
     187
     201
     191
     166
     179
     167
     201
     176
     168
     179
     177
     173
     157
     172
     175
     196
     183
     194
     234
     238
     228
     223
     200
     180
     158
     164
     163
     162
     177
     184
     148
     180
     147
     175
     149
     158
     140
     152
     144
     144
     140
     150
     147
     136
     144
     149
     147
     136
     150
     144
     150
     149
     144
     141
     152
     152
     147
     146
     150
     132
     145
     145
     141
     149
     118
     150
     146
     115
     132
     128
     126
     101
     129
     137
     137
     110
     137
     119
     114
     126
     129
     125
     124
     130
     120
     125
     130
     117
     118
     139
     141
     122
     105
     118
     126
     127
     123
     120
     109
     120
     118
     110
     115
     108
     120
     131
     122
      97
     130
     120
     122
     119
     103
     112
     106
     123
     113
     104
     114
     100
     103
     118
     104
     103
     110
      98
     107
      95
     104
     130
     130
     115
     105
     128
     143
     185
     294
     403
     486
     499
     421
     322
     189
     156
     104
      88
     102
      91
      97
      91
      99
      88
      94
     105
     123
     103
     126
     150
     152
     173
     154
     124
     110
     101
     114
      91
     105
      95
     106
      92
     100
     108
      99
      95
     100
     101
     104
     104
     110
     107
      91
      94
      73
      91
      99
      97
      88
     100
      97
      86
      88
      87
      86
      94
      88
      98
      96
     110
     155
     159
     210
     203
     187
     199
     147
     108
     109
      83
      83
      86
     110
     100
     103
     100
     123
     172
     210
     215
     292
     292
     186
     164
     135
      93
     100
      86
     106
      89
      94
      82
      87
      78
      91
      85
     100
      87
     100
      87
      86
      97
      96
      98
     103
      84
      95
      83
      92
      91
      93
      73
     111
      88
      84
      91
      90
      81
      81
      78
     102
      95
      82
     101
      95
      91
      85
     101
      94
      90
      77
      82
     110
      81
      81
      77
      91
     103
      86
     104
      95
      91
      96
     102
      93
      91
     120
      80
     101
      86
      97
      94
      96
     102
      92
      86
      89
      97
     101
      83
     100
     103
      92
      90
      86
      91
     102
      87
     103
     101
      97
      92
     104
     100
      84
      85
     103
      77
     102
      98
     125
     100
     107
     107
     107
     106
      85
     108
     101
     124
     135
     108
     121
     110
     121
     111
     115
     125
     129
     124
     130
     133
     128
     130
     185
     162
     141
     160
     160
     189
     216
     281
     398
     823
    1869
    4502
    9452
   17244
   26182
   31975
   30940
   24291
   14866
    7030
    2641
     845
     245
      92
      56
      35
      62
      43
      38
      39
      42
      43
      47
      42
      29
      49
      40
      36
      49
      35
      43
      40
      42
      36
      47
      49
      28
      50
      41
      40
      34
      54
      32
      30
      30
      44
      42
      37
      44
      40
      51
      35
      43
      51
      34
      42
      42
      44
      28
      34
      47
      33
      41
      47
      25
      44
      36
      44
      32
      47
      24
      38
      44
      43
      42
      50
      41
      48
      34
      47
      43
      44
      57
      41
      37
      36
      43
      38
      41
      32
      48
      37
      39
      49
      51
      76
      98
     103
     106
      94
      80
      53
      37
      40
      37
      35
      34
      51
      36
      51
      44
      68
      91
      79
      63
      74
      39
      44
      40
      33
      39
      42
      41
      41
      38
      34
      51
      46
      53
      70
     112
     143
     196
     218
     180
     152
      96
      50
      60
      42
      62
      70
      64
      63
      57
      47
      24
      35
      49
      37
      29
      34
      38
      41
      37
      32
      44
      36
      48
      41
      32
      44
      45
      36
      45
      41
      51
      37
      41
      37
      33
      43
      38
      40
      41
      44
      35
      49
      36
      37
      37
      37
      48
      39
      45
      39
      46
      45
      40
      40
      43
      56
      45
      41
      33
      33
      33
      30
      44
      43
      33
      41
      35
      43
      38
      39
      35
      51
      54
      67
      74
      75
      43
      46
      41
      30
      36
      46
      47
      48
      58
      68
      74
      62
      62
      60
      47
      39
      44
      28
      32
      35
      30
      37
      37
      32
      29
      39
      34
      35
      38
      39
      41
      39
      30
      30
      34
      44
      28
      33
      26
      30
      30
      35
      30
      30
      48
      28
      40
      48
      37
      32
      33
      30
      26
      35
      36
      34
      31
      32
      25
      35
      23
      24
      23
      37
      24
      40
      34
      25
      39
      35
      24
      34
      32
      36
      37
      35
      31
      31
      31
      23
      26
      26
      25
      28
      33
      34
      35
      30
      39
      45
      27
      31
      36
      29
      35
      30
      26
      34
      34
      27
      29
      36
      37
      30
      44
      56
      58
      61
      71
      62
      59
      57
      60
      60
      62
      73
      87
      69
      70
      54
      40
      41
      41
      37
      55
      89
     156
     216
     261
     260
     233
     136
      89
      65
      45
      28
      48
      56
      75
      93
      94
     127
      87
      97
      65
      49
      51
      44
      37
      26
      37
      26
      28
      23
      38
      39
      48
      40
      47
      62
      42
      33
      31
      29
      34
      24
      31
      29
      31
      22
      34
      17
      34
      31
      24
      20
      31
      33
      38
      19
      39
      30
      26
      30
      28
      22
      32
      28
      33
      29
      34
      23
      36
      33
      23
      20
      26
      23
      35
      24
      23
      35
      34
      30
      26
      43
      33
      25
      24
      39
      49
      58
      93
     101
     126
     129
     111
      83
      61
      35
      29
      37
      30
      45
      50
      40
      36
      40
      38
      22
      18
      34
      20
      25
      24
      34
      45
      65
      91
     129
     141
     117
      90
      77
      48
      25
      30
      31
      21
      27
      33
      20
      18
      30
      26
      28
      28
      32
      36
      44
      58
      51
      46
      28
      34
      24
      28
      27
      27
      24
      30
      23
      22
      34
      23
      23
      30
      26
      22
      26
      25
      28
      23
      28
      23
      24
      23
      22
      19
      29
      20
      29
      27
      19
      22
      26
      21
      25
      25
      13
      27
      26
      33
      26
      21
      23
      31
      29
      23
      27
      24
      30
      27
      29
      29
      30
      25
      51
      61
      87
      98
     112
     102
      74
      64
      28
      30
      28
      21
      18
      21
      26
      36
      32
      25
      51
      34
      23
      29
      37
      29
      28
      23
      30
      14
      20
      23
      13
      25
      23
      27
      25
      21
      16
      29
      23
      26
      29
      23
      18
      23
      25
      22
      32
      27
      24
      26
      26
      25
      24
      33
      24
      34
      20
      18
      21
      23
      28
      24
      37
      34
      36
      30
      38
      42
      36
      25
      31
      21
      22
      30
      14
      19
      17
      14
      18
      25
      24
      22
      33
      25
      35
      34
      36
      35
      33
      37
      30
      28
      36
      22
      24
      17
      20
      31
      24
      21
      25
      16
      17
      32
      20
      23
      21
      27
      16
      26
      31
      25
      38
      15
      17
      18
      21
      22
      19
      23
      17
      23
      20
      13
      27
      18
      24
      18
      13
      26
      19
      23
      28
      19
      27
      11
      14
      27
      22
      16
      16
      26
      19
      18
      18
      21
      25
      13
      17
      25
      29
      22
      28
      31
      22
      12
      16
      22
      20
      22
      18
      18
      22
      23
      20
      18
      21
      26
      18
      17
      21
      26
      23
      24
      25
      20
      22
      25
      40
      52
      76
     143
     202
     241
     278
     226
     167
     101
      65
      39
      24
      22
      23
      22
      18
      20
      17
      19
      16
      18
      14
      20
      26
      18
      19
      21
      19
      21
      29
      16
      22
      28
      19
      21
      21
      17
      24
      30
      21
      15
      26
      19
      27
      21
      14
      19
      28
      16
      19
      15
      22
      17
      19
      19
      15
      25
      25
      18
      20
      28
      14
      15
      19
      21
      18
      17
      22
      32
      21
      20
      30
      20
      23
      23
      13
      19
      28
      20
      23
      20
      17
      22
      26
      28
      25
      12
      25
      22
      41
      39
      90
     170
     368
     550
     833
    1042
    1115
     968
     750
     423
     219
      98
      59
      28
      25
      17
      15
      14
      17
      15
      15
      17
      11
      23
      20
      21
      18
      20
      16
      17
      13
      17
      17
      12
      17
      21
      26
      20
      22
      17
      18
      19
      12
      22
      20
      17
      17
      27
      16
      20
      19
      14
      13
      17
      22
      16
      16
      22
      20
      21
      19
      19
      18
      26
      24
      23
      23
      25
      16
      17
      16
      10
      17
      21
      19
      23
      33
      20
      15
      13
      21
      23
      25
      17
      24
      19
      14
      15
      17
      21
      19
       8
      18
      19
      15
      23
      22
      16
      23
      24
      17
      14
      14
      10
      17
      16
      19
      22
      17
      16
      21
      24
      19
      25
      22
      22
      22
      28
      23
      18
      23
      16
      15
      21
      19
      25
      17
      17
      18
      15
      10
      16
      20
      20
      23
      15
      19
      22
      19
      15
      11
      17
      24
      23
      18
      24
      17
      14
      16
      21
      27
      22
      12
      25
      19
      19
      16
      20
      12
      19
      22
      29
      22
      17
      25
      14
      17
      21
      18
      17
      15
      21
      25
      19
      13
      18
       6
      23
      21
      16
      18
      14
      22
      20
      21
      26
      22
      14
      16
      21
      11
      26
      16
      24
      24
      17
      30
      14
      25
      41
      36
      36
      35
      35
      23
      20
      22
      33
      23
      21
      20
      21
      23
      29
      19
      16
      27
      20
      23
      38
      49
      78
     133
     150
     158
     142
     120
      83
      50
      32
      24
      17
      26
      17
      17
      15
      25
      17
      24
      14
      13
      23
      16
      21
      18
      29
      14
      16
      15
      22
      13
      15
      10
      19
      14
      16
      16
      16
      11
      14
      24
      24
      16
      22
      20
      16
      14
      17
      13
      25
      11
      21
      19
      21
      16
      23
      22
      15
      21
      28
      21
      24
      20
      24
      24
      21
      12
      17
      27
      27
      33
      39
      35
      27
      29
      32
      19
      18
      15
      19
      20
      18
      22
      16
      19
      20
      13
      13
      23
      21
      21
      23
      28
      13
      25
      15
      28
      17
      23
      20
      18
      15
      19
      26
      12
      17
      23
      31
      27
      22
      23
      14
      17
      24
      21
      15
      30
      29
      31
      23
      19
      21
      13
      20
      18
      25
      17
      22
      27
      23
      26
      31
      27
      20
      32
      24
      27
      26
      28
      26
      24
      21
      25
      21
      19
      19
      20
      18
      23
      22
      15
      21
      19
      21
      26
      15
      13
      25
      14
      17
      16
      16
      27
      20
      25
      24
      19
      23
      32
      18
      20
      21
      21
      18
      23
      22
      21
      19
      28
      28
      14
      15
      16
      21
      22
      12
      20
      17
      20
      18
      16
      23
      14
      10
      23
      22
      25
      13
      16
      14
      19
      21
      30
      17
      12
      16
      21
      20
      20
      19
      21
      25
      21
      22
      19
      16
      30
      23
      14
      26
      18
      25
      22
      23
      11
      19
      16
      17
      16
      17
      21
      28
      17
      21
      25
      25
      22
      23
      32
      32
      23
      21
      20
      21
      16
      21
      19
      19
      21
      19
      18
      22
      12
      24
      27
      20
      21
      33
      17
      30
      17
      15
      12
      24
      24
      24
      23
      20
      21
      17
      19
      19
      12
      13
      16
      21
      22
      15
      24
      23
      23
      17
      21
      27
      22
      23
      26
      21
      20
      20
      14
      21
      22
      22
      13
      23
      20
      23
      18
      24
      19
      21
      22
      19
      27
      19
      20
      13
      14
      16
      14
      20
      16
      19
      14
      17
      27
      15
      20
      16
      15
      18
      23
      19
      23
      19
      17
      20
      23
      17
      11
      17
      17
      19
      14
      29
      16
      16
      15
      22
      16
      18
      20
      16
      16
      21
      16
      19
      13
      14
      12
      21
      19
      11
      21
      19
      17
      20
      11
      20
      16
      17
      18
      17
      10
      14
      17
      24
      25
      11
      15
      14
      19
      21
      18
      27
      13
      13
      19
      15
      18
      13
      24
      14
      21
      19
      19
      18
      16
      17
      15
      20
      22
      20
      18
      17
      15
      21
      15
      12
      19
      14
       8
      13
      17
      19
      20
      13
      20
      16
      17
      15
      18
      18
      18
      21
      21
      18
      28
      17
      17
      20
      17
      18
      23
      20
      17
      12
      21
      24
      14
      18
      18
      18
      19
      25
      23
      14
      23
      22
      19
      16
      15
      19
      19
      13
      18
      28
      19
      17
      26
      25
      19
      11
      23
      14
      20
      11
      16
      19
       9
      21
      12
      18
      17
       5
      14
      14
      21
      16
      19
      18
      22
      23
      15
      17
      14
      16
      14
      16
      17
      14
       6
      15
       9
      17
      15
      17
      24
      11
      21
      16
      17
      20
      18
      19
      16
      20
      13
      20
      27
      19
      16
      19
      23
      19
      12
      11
      14
       8
      14
      18
      15
      19
      18
      21
      19
      24
      24
      14
      25
      16
      15
       9
      17
      21
      21
      18
      23
      15
      17
      17
      19
      13
      19
      19
      14
      18
      20
      16
      15
      15
      23
      18
      29
      22
      29
      28
      16
      24
      12
      19
      19
       8
      22
      12
      11
      16
      11
      18
      10
      17
      15
      20
      20
      17
      15
      16
      17
      17
      14
      21
      16
      19
      15
      14
      17
      18
      21
      24
      21
      18
      13
      17
      19
      17
      24
      20
      22
      13
      10
      21
      11
      19
      16
      13
      16
      18
      21
      22
      18
      18
      18
      10
      21
      15
      19
       7
      14
      20
      20
      15
      19
      17
      11
      15
      21
      13
      12
      19
      18
      16
      17
      11
      21
      19
      16
      12
      14
      12
      20
      12
      14
      14
      17
      13
      15
      14
      17
      20
      26
      21
      20
      12
      21
      18
      17
      13
      20
      19
      12
      18
      12
      22
      23
      21
      19
      10
      23
      18
      23
      13
      27
      13
      14
      19
      17
      15
      30
      17
      25
      34
      50
      61
      70
      96
     114
     129
     123
     139
     136
      73
      85
      59
      52
      35
      24
      20
      20
      17
      25
      17
      19
      28
      28
      33
      17
      30
      27
      13
      21
      20
      18
      17
      15
      25
      18
      12
      17
      18
      23
       9
      36
      29
      45
      34
      74
      77
      94
      80
      68
      48
      19
      28
      15
      15
      15
      14
      21
      15
      22
      20
      18
      19
      21
      18
       6
      18
       9
      19
      14
      18
      14
      21
      17
      17
      20
      22
      16
       7
      14
      19
      12
      11
      12
      17
      15
      20
      10
      18
      12
      15
      14
      17
      17
      18
      14
      20
      10
      15
      17
      20
      13
      22
      16
      19
      14
       8
      15
      17
      26
      24
      26
      17
      14
      20
      18
      18
      19
       9
      21
      16
      24
      24
      19
       9
      23
      12
      21
      16
       7
      10
      21
      18
      21
      13
      15
      13
      17
      20
      13
      15
      13
      24
      11
      15
      18
      15
      18
      18
      18
      18
      13
      11
      23
      22
      28
      16
      14
      23
      18
      18
      20
      22
      12
      13
      19
      23
      25
      13
      11
      19
      15
      16
      12
      13
      26
      15
      17
      20
      17
      16
      18
      19
      17
      18
      25
      15
      17
      15
      19
      14
      10
      22
      18
      15
      22
      19
      19
      18
      15
      11
      17
      21
      13
      22
      17
      12
      15
      28
      15
      21
      26
      15
      22
      16
      19
      26
      14
      25
      13
      17
      10
      20
      14
      12
      15
      20
      16
      23
      12
      16
      24
      17
      18
      20
      20
       9
      15
      20
      18
      15
      19
      25
      19
      26
      17
      27
      23
      18
      23
      22
       7
      19
      14
      15
      17
      17
      21
      21
      16
      19
      21
      24
      19
      27
      25
      39
      72
     116
     159
     210
     267
     294
     271
     213
     134
      80
      54
      37
      27
      23
      24
      24
      16
      23
      24
      25
      37
      18
      19
      21
      24
      22
      19
       9
      17
      17
      13
      16
      21
      17
      18
      17
      19
      19
      21
      18
      30
      23
      18
      13
      10
      20
      14
      23
      11
      11
      23
      13
      21
      18
      19
      18
      11
      22
      31
      15
      12
      16
      23
      16
      22
      16
      18
      18
      18
      11
      24
      22
      16
      17
      18
      23
      11
      18
      15
      20
      30
      17
      17
      20
      16
      14
      22
      26
      16
      19
      14
      20
      24
      16
      19
      17
      19
       7
      14
      26
      27
      24
      21
      29
      20
      23
      18
      20
      18
      17
      18
      20
      17
      18
      21
      20
      15
      21
      19
      18
      13
      13
      21
      21
      16
      24
      20
      26
      24
      16
      23
      10
      13
      19
      15
      25
      16
      17
      13
      22
      30
      13
      24
      25
      19
      17
      23
      14
      13
      32
      20
      23
      22
      24
      19
      16
      18
      15
      21
      27
      21
      21
       9
      17
      15
      22
      26
      22
      21
      15
      14
      25
      15
      16
      11
      30
      25
      19
      23
      25
      25
      18
      13
      20
      24
      23
      24
      21
      17
      21
      16
      23
      24
      17
      10
      18
      24
      24
      20
      20
      14
      18
      23
      21
      20
      21
      18
      26
      19
      23
      15
      22
      18
      19
      25
      32
      27
      24
      21
      27
      21
      18
      19
      24
      26
      28
      14
      23
      29
      28
      16
      24
      17
      20
      13
      24
      35
      30
      24
      35
      48
      24
      42
      31
      21
      22
      18
      25
      23
      17
      16
      15
      16
      17
      21
      19
      14
      13
      22
      24
      19
      22
      29
      18
      21
      26
      28
      20
      17
      22
      23
      19
      20
      18
      23
      18
      19
      22
      23
      22
      22
      16
      21
      26
      15
      14
      20
      20
      21
      17
      17
      18
      24
      22
      21
      24
      15
      18
      27
      26
      18
      14
      31
      19
      20
      23
      17
      30
      22
      19
      19
      20
      33
      17
      19
      20
      18
      19
      23
      17
      15
      31
      15
      25
      21
      26
      30
      25
      17
      27
      14
      24
      23
      28
      19
      19
      24
      26
      25
      23
      29
      20
      27
      17
      22
      20
      23
      18
      28
      26
      21
      27
      26
      21
      18
      20
      18
      18
      27
      24
      20
      26
      27
      19
      35
      25
      23
      18
      25
      24
      21
      23
      18
      21
      37
      16
      22
      28
      23
      22
      29
      21
      26
      20
      25
      27
      24
      17
      25
      28
      22
      19
      24
      22
      29
      29
      17
      17
      17
      31
      18
      13
      31
      24
      17
      28
      25
      28
      29
      22
      27
      22
      21
      26
      22
      24
      27
      20
      22
      33
      23
      24
      27
      22
      30
      18
      29
      20
      25
      11
      26
      24
      25
      20
      30
      23
      35
      24
      25
      33
      29
      27
      23
      24
      36
      22
      25
      23
      19
      24
      20
      23
      19
      29
      31
      21
      24
      24
      26
      23
      26
      16
      14
      28
      15
      12
      20
      26
      34
      26
      22
      33
      25
      17
      31
      21
      16
      18
      26
      18
      26
      19
      20
      22
      20
      14
      18
      29
      24
      16
      18
      14
      24
      17
      13
      15
      13
      14
      15
      22
      19
      13
      20
      16
      15
      16
      14
      22
      17
      14
      18
      21
      18
      27
      15
      25
      21
      13
      18
      12
      17
      19
      18
      15
      17
      20
      18
      21
      21
      18
      15
      20
      18
      14
      19
      22
      18
      16
      20
      15
      22
      15
      19
      13
      22
      20
      12
       9
      17
      23
      22
      14
      16
      20
      12
      15
      17
      21
      19
      12
      11
      17
      15
      17
      15
      26
      12
      11
      13
      18
      17
      17
      15
      19
      16
      13
       7
      22
      19
      20
      18
       9
      24
      12
      23
      23
      15
      15
      15
      12
      13
      20
      10
      17
       9
      12
      19
      14
      20
      12
      22
      15
      13
      15
      13
      15
      17
      18
       9
      20
       5
      25
      13
      14
      18
       6
       9
      16
      15
      16
      12
      18
      14
       8
      18
      13
      17
      21
      17
      21
      20
      13
      10
      10
      13
      14
      18
      12
      13
      23
      30
      24
      42
      48
      76
      87
      81
     100
      72
      48
      41
      23
      20
      14
      22
      15
      13
       7
      13
       9
      13
       7
       8
      12
       9
      16
       9
      17
      10
       9
      11
      14
      10
      14
      18
      14
      12
      16
      16
      14
      10
       7
       9
      15
       9
      12
      10
      13
      13
      16
      11
      10
      10
       6
       8
      14
      12
      12
       8
      13
      11
      17
      14
       7
      16
      15
      10
      14
       6
      12
      11
      13
      12
       9
      10
      15
      14
      10
      11
       6
      11
      11
      18
      11
      16
       9
       8
       9
      18
      15
      11
      10
      11
       9
      10
       8
      12
       6
      16
      13
      15
       9
       9
       7
       8
       9
      16
      13
      11
      14
       7
      14
       4
       8
       7
      12
       9
      12
      11
      11
       9
      11
       8
       6
       5
      17
      12
       6
       7
      12
       8
       6
      13
       6
      11
       9
       9
      12
       9
       9
      10
       7
       7
       8
      10
      10
       9
       8
      14
      11
       8
       7
       8
       9
      10
       7
       6
      11
      11
      11
       3
       6
      11
       8
       5
       5
       4
       7
       9
       7
       7
       5
       6
       3
      12
       7
       5
       6
       7
       9
       5
       4
      10
       4
       8
      11
       5
       7
       5
       7
       8
       9
       7
       8
      10
       6
       4
      11
       8
       9
       7
      11
       6
       4
       6
      10
       6
       8
       4
       6
      10
       8
       6
       9
       9
       6
       6
       6
       7
       7
      11
       9
       9
       5
       6
       4
       1
       8
       4
       8
       7
       5
      10
       3
       4
       9
       3
       5
       9
       7
       7
       2
       4
       4
       5
       1
       7
       4
       4
       6
       6
      12
       8
       5
       6
      13
       6
       7
       2
       2
       7
       5
       7
       3
       8
      10
       5
       6
       5
       2
       5
       5
      11
       4
       5
       7
       6
       6
       6
       4
       8
      10
       6
       8
       2
       8
       7
       5
       8
       5
       6
       5
       1
       9
       8
       4
       7
       8
       5
       7
       2
       4
       5
       8
      10
       5
       9
       7
       1
       7
       6
       9
       6
       5
       6
       7
      13
       4
       4
       3
       4
       6
       4
       4
       6
       7
       4
       2
       6
       7
       4
       5
       7
       4
       6
       4
       2
       4
       7
       6
       5
       8
       7
       4
       5
       6
       6
       8
       6
       9
       0
       7
       6
       6
       7
       8
       7
       9
       5
       3
       7
       3
       6
       1
       4
       7
       5
       6
       7
       6
       3
       6
       5
       5
       2
      15
       3
       5
       6
       8
       6
       6
       6
       2
       6
       3
       9
       8
       6
       6
       4
       7
       5
       4
       5
       5
       4
       4
       6
      11
       3
       6
       6
       9
       8
       4
       6
       7
      11
       6
       7
       3
       8
      15
       6
       3
      10
       6
       5
       7
       8
       9
      13
      10
       7
       9
       6
      12
       8
      11
       8
      10
      10
      13
      12
      16
      33
      47
      98
     164
     269
     413
     616
     808
    1047
    1232
    1176
    1070
     752
     523
     298
     158
      84
      38
      22
       7
       4
       5
      10
       5
       1
       3
       5
       1
       2
       4
       4
       1
       5
       7
       0
       4
       4
       7
       3
       8
       5
       6
       5
       7
       1
       6
       4
       2
       4
       5
       3
       2
       7
       5
       5
       2
       2
       3
       1
       7
       5
       2
       1
       4
       4
       4
       1
       5
       3
       4
       2
       1
       1
       2
       5
       4
       2
       3
       8
       4
       3
       0
       4
       1
       3
       3
       2
       4
       2
       2
       3
       5
       3
       2
       3
       3
       2
       2
       6
       7
       2
       4
       1
       0
       3
       8
       4
       1
       7
       4
       3
       2
       6
       3
       1
       5
       7
       6
       3
       1
       0
       3
       2
       8
       1
       2
       2
       7
       1
       5
       7
       5
       3
       3
       4
       6
       5
       6
       3
       5
       1
       1
       3
       1
       2
       3
       4
       1
       5
       4
       6
       4
       7
       4
       7
       4
       4
       2
       5
       3
       2
       5
       7
       3
       5
       0
       3
       2
       1
       0
       4
       2
       4
       2
       6
       4
       4
       3
       7
       1
       1
       6
       6
       3
       4
       7
       1
       4
       0
       3
       4
       2
       4
       7
       1
       9
       2
       4
       6
       7
       5
       6
       4
       9
       5
       1
       5
       1
       1
       4
       2
       3
       2
       4
       4
       4
       2
       5
       6
       4
       4
       3
       4
       4
       5
       8
       6
       2
       3
       4
       3
       3
       2
       4
       2
       3
       0
       1
       1
       5
       0
       4
       5
       3
       5
       2
       2
       5
       3
       2
       5
       5
       7
       4
       4
       1
       1
       4
       4
       5
       0
       1
       3
       3
       3
       0
       5
       4
       4
       1
       5
       3
       2
       3
       2
       3
       4
       4
       3
       3
       7
       5
       3
       3
       3
       5
       4
       2
       1
       4
       2
       8
       2
       4
       7
       2
       3
       4
       7
       3
       7
       6
       3
       3
       3
       6
       2
       3
       2
       5
       6
       4
       6
       3
       1
       1
       1
       2
       3
       5
       3
       5
       4
       2
       5
       4
       4
       7
       5
       1
       4
       4
       5
       2
       1
       2
       5
       1
       4
       4
       0
       4
       5
       2
       3
       2
       3
       3
       2
       3
       2
       3
       4
       2
       5
       5
       6
       3
       6
       2
       3
       3
       3
       4
       4
       6
       2
       3
       4
       2
       4
       0
       3
       1
       2
       2
       1
       4
       5
       3
       8
       4
       2
       3
       3
       6
       2
       3
       2
       2
       3
       2
       2
       4
       5
       5
       5
       4
       1
       5
       4
       3
       1
       4
       7
       4
       1
       3
       6
       1
       4
       6
       3
       3
       3
       7
       3
       7
       1
       6
       8
       5
       5
       4
       1
       3
       1
       4
       2
       2
       5
       4
       2
       4
       3
       3
       1
       4
       7
       3
       2
       6
       4
       7
       6
       2
       3
       6
       5
       5
       6
       2
       1
       2
       2
       3
       1
       0
       2
       2
       1
       4
       5
       4
       5
       3
       4
       1
       4
       0
       5
       4
       4
       3
       3
       5
       0
       4
       4
       0
       5
       2
       3
       8
       4
       7
       5
       4
       7
       0
       4
       4
       1
       1
       4
       5
       6
       7
       2
       3
       2
       1
       3
       3
       2
       5
       4
       3
       3
       0
       1
       7
       5
       3
       5
       2
       7
       4
       2
       3
       3
       3
       2
       2
       9
       1
       5
       3
       4
       2
       7
       4
       4
       2
       3
       4
       3
       3
       8
       4
       2
       4
       0
       4
       0
       1
       1
       3
       2
       3
       2
       3
       1
       1
       3
       5
       4
       4
       3
       3
       0
       1
       3
       1
       3
       4
       8
       6
       4
       2
       7
       4
       2
       6
       3
       6
       2
       3
       2
       2
       3
       2
       2
       7
       7
       2
       1
       5
       5
       4
       3
       4
       3
       4
       5
       4
       5
       1
       4
       5
       2
       2
       2
       4
       2
       5
       5
       3
       1
       1
       2
       0
       4
       2
       4
       0
       3
       3
       2
       4
       2
       1
       4
       5
       4
       5
       3
       2
       3
       7
       1
       1
       3
       2
       6
       4
       3
       4
       2
       1
       2
       1
       4
       2
       3
       2
       3
       2
       1
       0
       4
       2
       3
       2
       3
       5
       3
       5
       6
       3
       4
       3
       2
       6
       2
       8
       4
       5
       4
       4
       2
       3
       5
       6
       6
       6
       2
       2
       4
       2
       2
       3
       3
       3
       5
       4
       4
       4
       2
       1
       0
       3
       5
       4
       5
       3
       0
       1
       2
       3
       1
       4
       5
       3
       1
       0
       3
       4
       2
       4
       3
       3
       4
       3
       5
       1
       2
       2
       3
       1
       3
       3
       1
       2
       1
       1
       2
       3
       1
       0
       3
       8
       8
       6
       4
       6
       1
       4
      10
       4
       7
       2
       4
       6
       5
       4
       3
       3
       1
       3
       3
       2
       1
       0
       3
       2
       2
       2
       2
       0
       1
       4
       2
       2
       0
       4
       3
       4
       3
       3
       1
       3
       3
       5
       2
       3
       1
       4
       3
       3
       2
       1
       3
       3
       3
       0
       3
       6
       3
       4
       2
       0
       5
       5
       1
       3
       2
       2
       2
       1
       3
       2
       3
       1
       3
       0
       4
       7
       2
       5
       1
       5
       0
       1
       2
       1
       4
       3
       0
       3
       4
       2
       4
       3
       2
       1
       5
       3
       4
       3
       3
       3
       2
       1
       1
       3
       2
       2
       1
       2
       3
       2
       2
       3
       2
       3
       3
       2
       4
       4
       3
       0
       1
       2
       4
       6
       5
       1
       2
       2
       4
       3
       2
       5
       5
       2
       2
       2
       2
       5
       0
       3
       3
       2
       3
       2
       4
       0
       1
       3
       3
       3
       2
       2
       4
       1
       4
       0
       4
       2
       4
       6
       3
       3
       4
       4
       4
       2
       2
       4
       3
       4
       2
       3
       4
       2
       2
       3
       2
       4
       2
       2
       3
       1
       1
       3
       4
       3
       0
       2
       1
       0
       2
       2
       1
       3
       3
       7
       5
       4
       4
       1
       2
       2
       2
       6
       1
       0
       0
       0
       4
       3
       3
       4
       3
       2
       1
       4
       2
       2
       2
       2
       4
       0
       1
       4
       2
       1
       3
       2
       0
       5
       0
       1
       3
       4
       3
       2
       2
       2
       1
       3
       2
       5
       3
       1
       1
       2
       3
       2
       1
       2
       6
       1
       1
       1
       2
       5
       3
       5
       2
       3
       2
       1
       1
       3
       3
       1
       3
       3
       2
       2
       5
       2
       0
       2
       1
       3
       2
       0
       2
       3
       4
       3
       1
       1
       1
       3
       3
       4
       2
       0
       1
       0
       5
       0
       2
       3
       0
       2
       1
       1
       1
       4
       1
       4
       1
       2
       2
       5
       2
       1
       1
       4
       0
       1
       0
       4
       4
       5
       3
       0
       1
       3
       3
       1
       2
       2
       2
       2
       2
       3
       2
       2
       1
       4
       2
       3
       1
       3
       2
       3
       1
       2
       3
       1
       0
       1
       5
       2
       4
       3
       2
       1
       3
       0
       1
       0
       2
       0
       2
       2
       3
       0
       2
       2
       2
       1
       2
       0
       2
       1
       4
       0
       0
       3
       0
       1
       4
       0
       1
       1
       4
       1
       2
       3
       2
       1
       1
       1
       2
       2
       4
       2
       3
       1
       1
       3
       0
       2
       1
       1
       0
       2
       0
       0
       2
       6
       2
       3
       1
       3
       1
       4
       1
       1
       2
       4
       1
       2
       3
       1
       1
       3
       1
       0
       0
       2
       0
       4
       3
       0
       2
       0
       3
       1
       4
       2
       2
       1
       3
       2
       2
       0
       2
       1
       1
       1
       0
       1
       0
       2
       2
       3
       3
       1
       0
       2
       2
       2
       1
       0
       0
       0
       0
       0
       0
       0
       0
       0
       0
       0
       0
       0
       0
       0
       0
       0
       0
       0
       0
       0
       0
       0
       0
       0
       0
       0
       0
       0
       0
       0
       0
       0
       0
       0
       0
       0
       0
       0
       0
       0
       0
       0
       0
       0
       0
       0
       0
       0
       0
       0
       0
       0
       0
       0
       0
       0
       0
       0
       0
       0
       0
       0
       0
       0
       0
       0
       0
       0
       0
       0
       0
       0
       0
       0
       0
       0
       0
       0
       0
       0
       0
       0
       0
       0
       0
       0
       0
       0
       0
       0
       0
       0
       0
       0
       0
       0
       0
       0
       0
       0
       0
       0
       0
       0
       0
       0
       0
       0
       0
       0
       0
       0
       0
       0
       0
       0
       0
       0
       0
       0
       0
       0
       0
       0
       0
       0
       0
$ROI:
91
177 185
241 249
265 273
467 476
487 496
507 516
520 532
546 558
572 584
607 614
625 632
653 660
686 694
708 716
744 752
773 781
786 794
824 832
844 858
884 898
919 933
956 970
1179 1194
1211 1226
1238 1253
1309 1325
1336 1351
1377 1393
1505 1518
1527 1543
1568 1584
1596 1612
1639 1655
1711 1720
1736 1746
1780 1789
1858 1880
1904 1926
1951 1973
2365 2378
2392 2405
2417 2430
2432 2442
2454 2464
2477 2487
2520 2532
2545 2557
2587 2599
2889 2909
2939 2959
2992 3012
3203 3223
3249 3269
3299 3319
3578 3594
3618 3634
3659 3675
3698 3714
3733 3749
3793 3813
3835 3855
3904 3924
4133 4148
4172 4187
4227 4242
4259 4274
4284 4299
4332 4347
4364 4379
4396 4411
4503 4527
4541 4565
4585 4609
4633 4657
4707 4731
4816 4836
4853 4873
4922 4942
5484 5503
5528 5547
5567 5586
5607 5627
5743 5765
5789 5811
5843 5864
6388 6413
6431 6456
6518 6543
6817 6841
6872 6896
6954 6980
$PRESETS:
Live Time
80000
0
$ENER_FIT:
-0.628185 0.380052
$MCA_CAL:
3
-6.281850E-001 3.800522E-001 -1.024417E-008 keV
$SHAPE_CAL:
3
7.747044E+000 -1.422939E-003 1.836274E-007
