$SPEC_ID:
No sample description was entered.
$SPEC_REM:
DET# 1
DETDESC# BETA MCB 129 Input 1
AP# GammaVision Version 6.09
$DATE_MEA:
04/18/2014 12:08:01
$MEAS_TIM:
80000 80048
$DATA:
0 8191
       0
       0
       0
       0
       0
       0
       0
       0
       0
       0
       0
       0
       0
       0
       0
       0
       0
       0
       0
       0
       0
       0
       0
       0
       0
       0
       0
       0
       0
       0
       0
       0
       0
       0
       0
       0
       0
       0
       0
       0
       0
       1
      38
      19
      35
     155
     270
     354
     472
     619
     870
     988
    1103
     983
     847
     803
     777
     819
     771
     839
     847
     788
     852
     837
     784
     725
     776
     741
     753
     761
     715
     719
     718
     696
     701
     664
     725
     702
     726
     690
     712
     707
     679
     669
     657
     626
     639
     693
     600
     654
     634
     642
     628
     634
     633
     611
     648
     625
     645
     672
     661
     633
     603
     614
     609
     615
     620
     607
     643
     670
     592
     579
     610
     635
     664
     656
     607
     659
     623
     580
     636
     625
     755
     726
     643
     558
     637
     598
     570
     597
     581
     641
     604
     584
     616
     643
     612
     594
     614
     651
     662
     666
     621
     628
     646
     642
     642
     608
     617
     633
     614
     679
     730
     681
     684
     667
     774
     732
     691
     714
     750
     762
     745
     800
     783
     814
    1088
    1178
     890
     753
     748
     751
     745
     741
     741
     827
     813
     743
     848
     843
     794
     778
     833
     875
     836
     826
     806
     875
     846
     827
     862
     994
    1049
    1022
     950
    1035
    1645
    2700
    2512
    1236
     949
    1093
    2038
    3916
    3323
    1416
     820
     760
     799
     833
     777
     804
     774
     838
     896
     796
     729
     735
     788
     769
     962
    1173
    1198
    1132
     931
     792
     785
     825
    1053
    1534
    1942
    1671
     969
     821
     778
     888
    1165
    1552
    1393
     884
     810
     726
     845
    1268
    1934
    1880
    1594
    1281
     839
     789
     785
     765
     702
     673
     653
     613
     704
     668
     737
     734
     758
     788
     854
     850
     670
     696
     655
     641
     673
     681
     669
     645
     669
     623
     678
     677
     755
     772
     868
     803
     705
     690
     649
     679
     706
     692
     746
     738
     735
     723
     752
     674
     677
     677
     739
     666
     696
     790
     745
     717
     659
     674
     694
     788
     822
     793
     687
     674
     675
     666
     639
     699
     675
     632
     663
     658
     664
     693
     702
     653
     646
     640
     639
     683
     715
     667
     688
     715
     685
     672
     726
     697
     723
     691
     722
     752
     745
     769
     726
     828
    1099
    1194
     978
     740
     729
     729
     667
     692
     766
     700
     698
     696
     736
     749
     756
     672
     677
     676
     712
     701
     703
     670
     738
     729
     688
     691
     748
     679
     730
     686
     714
     696
     662
     726
     697
     616
     666
     692
     740
     859
     918
     849
     695
     718
     659
     675
     685
     719
     672
     683
     675
     638
     682
     700
     729
     643
     684
     696
     652
     699
     682
     643
     686
     696
     698
     704
     822
     859
     774
     682
     677
     626
     653
     595
     658
     629
     674
     645
     615
     629
     604
     702
     641
     584
     609
     578
     601
     583
     620
     603
     676
     667
     682
     654
     633
     594
     635
     562
     591
     610
     658
     675
     600
     599
     582
     549
     631
     624
     600
     579
     618
     623
     598
     587
     616
     567
     581
     600
     573
     587
     623
     562
     590
     562
     611
     619
     625
     603
     552
     570
     558
     573
     564
     587
     600
     579
     585
     568
     569
     553
     577
     613
     616
     590
     602
     612
     566
     624
     606
     834
    1465
    2082
    1884
    1117
     685
     607
     527
     558
     552
     579
     584
     563
     602
     559
     541
     607
     557
     526
     545
     574
     585
     532
     558
     545
     588
     560
     568
     549
     551
     550
     554
     525
     567
     573
     505
     550
     554
     552
     562
     568
     533
     523
     551
     547
     540
     535
     545
     506
     544
     606
     567
     551
     625
     589
     577
     495
     526
     501
     531
     530
     577
     699
    1077
    1292
     963
     581
     539
     505
     520
     481
     522
     522
     482
     463
     487
     533
     493
     498
     526
     545
     529
     559
     520
     465
     479
     506
     511
     499
     517
     482
     498
     500
     462
     476
     517
     538
     514
     501
     526
     463
     511
     526
     529
     490
     461
     539
     460
     468
     507
     515
     485
     481
     494
     471
     517
     503
     485
     502
     462
     491
     485
     504
     473
     522
     496
     490
     505
     519
     480
     503
     488
     507
     572
     622
     605
     534
     531
     532
    1072
    3772
    8173
    8066
    3593
     957
     504
     638
    1110
    1301
    1374
    1717
    1516
     819
     490
     370
     417
     386
     375
     377
     404
     390
     382
     390
     423
     366
     373
     361
     382
     405
     345
     360
     375
     425
     384
     374
     376
     365
     355
     395
     381
     363
     396
     382
     378
     363
     373
     365
     398
     404
     369
     355
     367
     377
     368
     424
     440
     420
     400
     343
     335
     354
     368
     344
     362
     360
     359
     371
     360
     378
     357
     324
     354
     326
     360
     311
     325
     342
     332
     373
     350
     340
     401
     416
     520
     768
     916
     710
     541
     461
     416
     366
     358
     310
     346
     341
     348
     382
     372
     363
     325
     310
     331
     408
     535
     694
     535
     348
     348
     366
     338
     300
     332
     348
     316
     347
     279
     315
     326
     286
     294
     363
     325
     316
     304
     318
     315
     326
     299
     320
     286
     334
     372
     329
     376
     314
     307
     335
     291
     329
     291
     298
     315
     331
     302
     312
     302
     301
     309
     356
     812
    2086
    3060
    2384
     953
     401
     295
     288
     283
     329
     277
     294
     294
     363
     616
     824
     663
     405
     304
     279
     286
     285
     311
     278
     291
     260
     300
     300
     264
     279
     310
     272
     253
     295
     284
     265
     294
     277
     271
     304
     280
     265
     264
     278
     241
     254
     244
     264
     276
     297
     239
     286
     278
     292
     259
     258
     246
     276
     296
     243
     257
     270
     298
     272
     272
     255
     262
     275
     261
     260
     263
     275
     302
     278
     251
     300
     273
     284
     309
     278
     252
     264
     319
     245
     258
     267
     305
     417
     600
     700
     478
     313
     302
     280
     257
     274
     291
     247
     250
     274
     324
     293
     290
     264
     243
     264
     270
     250
     234
     297
     262
     267
     281
     332
     605
    1407
    1885
    1351
     621
     292
     245
     262
     278
     303
     293
     248
     257
     233
     239
     238
     235
     247
     267
     235
     235
     219
     236
     236
     221
     226
     259
     263
     252
     244
     246
     244
     268
     274
     306
     569
    1502
    3586
    4953
    3350
    1275
     415
     240
     227
     215
     253
     225
     210
     224
     214
     227
     227
     222
     216
     226
     216
     224
     225
     199
     211
     210
     225
     207
     210
     214
     205
     229
     179
     211
     236
     203
     226
     212
     203
     216
     220
     216
     218
     186
     215
     179
     198
     188
     192
     181
     185
     187
     203
     200
     200
     211
     210
     210
     213
     199
     213
     224
     218
     237
     219
     194
     198
     225
     195
     214
     220
     197
     207
     194
     201
     214
     216
     199
     202
     171
     204
     204
     223
     195
     201
     205
     197
     186
     202
     227
     189
     230
     189
     261
     202
     230
     215
     204
     190
     220
     252
     250
     237
     215
     213
     194
     175
     211
     192
     199
     219
     195
     183
     199
     209
     218
     189
     185
     196
     213
     229
     216
     194
     230
     207
     220
     203
     178
     203
     249
     180
     190
     203
     204
     256
     257
     250
     219
     190
     225
     222
     211
     209
     218
     216
     202
     211
     201
     197
     190
     199
     187
     200
     265
     343
     422
     330
     249
     214
     213
     197
     190
     180
     198
     205
     164
     184
     205
     206
     205
     210
     190
     200
     203
     187
     185
     220
     172
     193
     190
     190
     184
     196
     199
     202
     167
     183
     167
     201
     206
     194
     179
     164
     182
     198
     197
     186
     185
     154
     189
     177
     191
     193
     179
     178
     218
     216
     196
     181
     165
     192
     161
     156
     186
     169
     185
     186
     186
     156
     160
     178
     190
     153
     155
     147
     154
     185
     176
     177
     185
     187
     181
     194
     197
     202
     165
     199
     177
     143
     171
     128
     152
     153
     157
     199
     166
     176
     175
     161
     180
     164
     179
     176
     146
     157
     156
     165
     156
     157
     180
     176
     171
     166
     136
     134
     161
     175
     173
     168
     196
     193
     189
     163
     144
     196
     178
     167
     145
     162
     188
     164
     155
     159
     164
     164
     165
     138
     152
     162
     124
     156
     175
     182
     198
     237
     380
     578
     576
     414
     231
     182
     150
     176
     164
     178
     148
     159
     162
     128
     157
     150
     158
     154
     152
     176
     179
     159
     166
     162
     146
     164
     149
     139
     163
     146
     172
     170
     174
     141
     147
     180
     139
     154
     203
     332
     369
     290
     228
     172
     166
     174
     152
     187
     174
     163
     152
     154
     145
     129
     127
     143
     136
     159
     134
     143
     162
     154
     142
     148
     168
     194
     161
     139
     167
     156
     147
     128
     136
     148
     147
     155
     164
     148
     131
     145
     147
     155
     157
     117
     157
     139
     141
     147
     136
     151
     140
     145
     145
     146
     160
     158
     139
     135
     161
     122
     150
     164
     150
     144
     147
     130
     125
     145
     164
     164
     139
     140
     121
     139
     131
     135
     150
     168
     156
     180
     175
     185
     195
     228
     278
     437
     693
     973
    1061
     805
     492
     349
     284
     236
     210
     163
     167
     156
     141
     125
     147
     126
     148
     128
     138
     135
     147
     148
     134
     121
     129
     131
     107
     135
     148
     123
     146
     133
     139
     148
     140
     153
     140
     152
     122
     137
     130
     132
     126
     127
     148
     126
     135
     128
     146
     125
     132
     121
     132
     149
     144
     152
     137
     123
     132
     137
     129
     128
     123
     145
     128
     128
     153
     127
     131
     126
     123
     124
     132
     137
     136
     117
     119
     141
     146
     137
     123
     135
     139
     134
     142
     156
     153
     151
     122
     122
     125
     132
     138
     122
     147
     137
     134
     121
     120
     130
     122
     136
     144
     154
     132
     154
     126
     125
     124
     128
     111
     110
     134
     119
     134
     126
     126
     130
     128
     112
     129
     118
     115
     127
     138
     118
     126
     111
     136
     117
     127
     112
     112
     131
     135
     136
     157
     171
     205
     182
     176
     140
     131
     126
     122
     133
     117
     145
     138
     128
     120
     141
     145
     115
     132
     118
     167
     153
     153
     142
     135
     142
     134
     132
     174
     120
     145
     106
     116
     156
     130
     130
     130
     137
     137
     135
     122
     113
     109
     128
     132
     137
     142
     157
     157
     127
     135
     157
     132
     174
     349
     872
    1808
    2459
    1994
    1062
     405
     168
     146
     126
     137
     142
     133
     127
     127
     110
     119
     142
     133
     143
     115
     139
     116
     137
     125
     125
     118
     113
     131
     126
      96
     118
     109
     106
     129
     133
     136
     125
     125
     124
     113
     115
     106
     130
     122
      94
     133
     124
     107
     130
     132
     126
     114
     123
     137
     146
     132
     135
     165
     237
     285
     222
     180
     138
     126
     115
     113
     144
     183
     404
    1104
    2318
    3256
    2725
    1504
     505
     220
     116
      98
      95
     137
     113
     110
     121
     118
     108
     116
     121
     103
     132
     126
     136
      99
      96
     117
     108
     100
     101
     105
     101
     126
     112
     121
     100
     107
     118
     101
     109
     126
     110
     116
     101
     120
     118
     117
     110
     123
     121
      97
     128
     103
     113
     121
     112
     123
     114
     121
      94
     109
     126
     100
     114
      99
     105
     136
     105
     120
     144
     117
     110
     124
     116
     105
     105
     121
     120
     109
     110
      98
     128
     113
     116
     113
     104
     102
     120
     115
     136
     105
     114
     104
      94
     109
     119
     111
     118
     114
     103
     107
     107
     114
     108
     105
     124
      98
     111
      92
     123
     138
     102
      99
     105
     118
     110
     102
     100
     106
      95
     133
     110
     115
     110
     117
     127
     115
     101
     104
      96
     107
     116
     103
     104
     116
      94
      96
     121
     128
     153
     221
     395
     516
     521
     429
     203
     120
     113
     118
     115
     138
     131
     219
     202
     166
     118
     139
     103
     101
     125
     104
     124
     116
      92
     119
     128
     115
     102
      97
     103
     103
     101
     104
     102
      95
     121
     113
     103
     107
     115
     106
     120
      99
     107
     113
     120
      99
     114
     107
     104
     108
     101
     118
     111
     113
     117
     105
      91
     118
     121
     104
     112
     102
     110
     105
     107
     101
     116
      88
     106
     102
     121
     103
     116
     120
     105
     114
     103
      83
     111
     122
     116
      98
     107
     103
     108
     106
     114
     105
     103
     100
     103
     121
     105
     118
      91
      97
     122
     114
     114
     110
      92
     104
     108
     116
     125
      91
     125
     115
     131
     128
     115
     116
     133
     119
     107
     101
     114
      79
     124
     113
     105
     148
     122
     106
     121
     113
     100
     109
     108
     105
     101
     101
     110
      93
     103
      96
     107
      95
      92
     103
     101
     100
     108
     133
     104
     108
     106
     100
     119
      96
     109
      95
     103
     101
     112
     124
      91
     118
     112
     110
     120
     118
      99
     109
     112
     113
     107
      99
     106
     124
     118
     141
     174
     330
     488
     567
     458
     302
     172
     111
      95
     106
     101
      83
     101
      91
      91
     105
      89
     110
      96
     107
     120
     104
      96
     105
      92
     100
      97
     120
     100
     104
     100
      81
      99
     116
      74
     104
      96
      86
      91
      97
     115
     101
      95
     118
     110
     104
     114
      84
     115
      90
     107
     102
     112
     106
     104
      86
      99
     123
     102
      93
     105
      99
     116
      84
     105
      86
     101
     105
      86
      93
     113
     129
     114
     110
      97
     128
     144
     181
     141
     123
      95
      93
      97
      98
      90
      89
     109
      96
      84
      97
     111
      93
      84
      98
      86
     107
     111
     134
     141
     108
     107
     116
      86
     109
     102
     123
     137
     146
     125
     174
     272
     356
     341
     251
     182
     109
      98
     112
     102
     129
     128
     166
     167
     177
     129
     102
      92
      89
      85
     107
      90
      97
      85
     104
     111
      73
      80
      90
      79
      86
      89
      90
     107
     104
      81
      91
     113
     116
     128
     126
      96
      81
      97
     109
     108
     131
     206
     212
     185
     177
     127
     121
      90
      88
     114
      87
      91
      84
      93
      84
      92
     101
      94
      93
      76
      98
      79
      87
     112
     151
     225
     309
     390
     362
     259
     218
     140
     126
     109
      72
      74
      85
      80
      90
      90
     103
      78
      81
      91
     109
      99
      77
     106
      87
      97
      84
      73
      78
     105
     114
     111
     130
     134
     123
      79
      93
      76
      76
      82
      88
      93
      80
      86
      99
      83
      83
      71
      94
      83
      78
      81
      83
      85
      80
      89
      79
      81
      79
      92
      98
      91
      78
      78
      94
      86
      69
      81
      96
      78
      81
      82
      99
      89
      83
     104
      97
      79
      95
      79
      88
      91
      94
      86
      95
      97
      91
      91
      89
      67
      88
      71
      93
      78
      83
     119
     125
     128
     102
     105
     102
     102
      80
      81
      81
      89
      86
      88
      96
     162
     193
     160
     148
     113
     116
      84
      85
      91
     107
     132
     129
     134
     136
     125
     117
      86
      72
      71
      98
      80
      87
      86
      83
      85
      80
      64
      76
      81
      92
      82
      88
      82
      92
      90
      85
      77
      74
      85
      65
      78
      77
      86
      86
      82
      69
      96
      82
      78
      89
      82
      93
      73
      78
      81
      82
     105
      60
      84
      94
      84
      68
      84
      92
     132
     179
     255
     316
     315
     212
     120
     106
      99
      94
      76
      81
      71
      88
      71
      81
      75
      73
      87
      81
      70
      79
      76
      81
      84
      74
      72
      78
      92
      81
      96
      78
      82
      95
      67
      77
      92
      83
     108
     100
      72
      78
      72
      70
      94
      92
      59
      71
      78
      60
      71
      80
      69
      88
      84
      87
      82
      81
      86
      65
      68
      92
      87
      83
      78
      99
      83
      79
      69
      65
      92
     105
      85
      69
      65
      84
      86
      80
     101
      92
      93
      88
      85
      81
      98
      82
      85
      89
      99
      81
     100
     107
      70
      90
     102
      93
      81
      85
      86
      83
      86
      79
      77
      83
      80
      79
      79
      82
      98
      74
      79
      79
      87
      78
      73
      66
      93
     108
     109
     118
     107
      93
      82
      76
      78
      71
     100
      94
      79
      80
      72
      88
     108
     205
     397
     825
    1338
    1495
    1189
     753
     339
     161
      95
      77
      88
      86
      75
      79
      66
      84
      62
      79
      83
      85
      79
      70
      80
      64
      83
      83
      70
      70
      74
      87
      82
      86
      76
      78
      83
      65
      76
      82
      89
      83
      71
      79
      77
      95
      98
      82
      96
     102
      63
      70
      77
      69
      87
      70
      70
      76
      76
      66
      80
      88
     118
     141
     183
     222
     231
     174
     121
      98
      63
      63
      99
      84
      76
      58
      78
      93
      75
      95
      79
      64
      86
      69
      85
      58
      84
      73
      78
      85
      85
      85
      76
      82
      75
      80
      86
      71
      54
      84
      80
     110
      86
     104
     109
     108
     123
     115
     119
     118
     103
     111
      99
      81
      85
      95
      87
      65
      83
      64
      77
      82
      73
      80
      70
      97
      81
      77
     102
      94
      76
      82
      97
      84
      91
      66
      73
      85
      79
      77
      74
      94
     102
     117
     180
     265
     335
     331
     253
     166
     103
     109
      81
     110
     192
     328
     611
     817
     924
     619
     388
     182
     119
      63
      70
      80
      88
      67
      65
      92
      84
      71
      67
      77
      77
      71
      76
      82
      92
      83
      63
      67
      87
      84
      86
      83
      83
      79
      67
      83
     100
      86
      78
      92
      91
      95
      67
      85
      98
      76
      68
      74
      79
      82
      92
      78
      86
      77
      86
      98
      75
      82
      77
      72
      90
      81
      84
      91
      84
      72
      81
      75
      72
      82
      75
      73
      71
      68
      81
      72
      77
      80
      75
      64
      72
      78
      62
      91
      81
      86
      95
     124
     152
     131
     112
      90
     100
      85
      77
      78
      89
      84
      74
      78
      91
      70
      73
      77
      79
      78
      85
      78
      70
      82
      71
      55
      71
      78
      68
      76
      92
      90
      76
      93
      70
      77
      65
      74
      80
     100
      86
      77
      75
      89
      71
      84
      73
      93
      74
      98
      80
      69
      78
      80
      83
      80
      78
      83
      70
      91
      86
      76
      73
      71
      83
      67
      91
      70
      77
      86
      74
      88
      80
      76
      78
      77
      79
      56
      77
      82
      76
      71
      83
      84
      74
      99
     106
      91
      89
      76
      85
      76
      70
      76
      80
      78
      71
      85
      79
      75
      89
      91
      60
      86
      86
      72
      76
      85
      70
      88
      84
      75
      76
      90
      97
      90
      68
      68
      79
      85
      87
      93
      92
     104
      83
      60
      82
      62
      92
      82
      89
      89
      75
      68
      70
      72
      83
      81
      86
      85
      78
      78
      87
      84
      87
      77
      84
      72
      83
      83
      67
      72
      81
      97
      68
      85
      71
      80
      88
      86
      84
      71
      70
      94
      99
      77
      75
      81
      82
     100
     101
     102
     109
     107
      77
      67
      82
      84
      98
      85
      91
      74
      81
      86
      96
      86
      80
      69
     102
      81
      67
      91
      84
      67
      86
      80
      90
      87
      87
      75
      87
      91
      68
      91
      95
     101
     104
      94
      95
      92
      77
      97
      84
      98
      67
      90
      79
      85
      74
      87
      82
      80
      90
      93
      97
      78
      86
      86
      88
      89
      93
      82
      76
      93
      87
     102
      78
      80
      88
     106
      76
      75
      85
      65
      93
      97
     112
     125
     107
     114
      97
      81
      88
      91
     104
      78
      77
      78
      86
      80
      85
      88
      91
      86
      99
      93
      76
      74
      74
      89
      73
      96
     104
     111
     100
      90
      93
     105
     105
      72
      91
      79
      95
      89
      80
      93
      93
     104
     103
      84
      95
      97
     116
      89
      93
      98
      91
     101
      95
      81
      83
      89
      86
      78
      94
     101
      79
     100
      98
      86
      92
     108
      95
     101
     209
     291
     472
     576
     612
     511
     271
     194
     124
      88
     101
      91
     107
      88
      94
      85
      92
      84
     103
      94
      98
     105
      83
      84
      87
     106
      78
      95
      98
      88
      85
     107
      90
      76
      85
      87
     108
     101
     107
      95
     108
      90
      91
     103
      91
      87
      85
      85
      89
      83
      93
      78
      85
      97
      85
     104
      90
     106
      95
     100
      56
      91
     123
      92
      91
      91
     105
      86
      97
      73
      95
      98
      92
      84
      94
      86
      82
      79
      76
     103
     100
      92
      97
      92
     105
      90
     101
      77
      87
     112
     117
      97
     132
     113
     112
     152
     164
     108
     118
     114
      91
      88
     106
      85
      91
     115
      80
      94
      95
      93
      96
      96
      95
      85
     111
      95
     105
      94
      95
     100
     101
     108
     102
      98
     108
     106
      98
     104
      85
      90
      88
      91
     116
      93
      94
      91
     116
     108
      79
     105
     107
     124
     147
     180
     184
     124
     119
     121
     103
      99
     100
     112
      90
      97
     100
      85
     101
      91
      81
     106
      91
     105
     126
     104
     101
     111
     105
     103
     119
     103
     134
      89
     114
      88
     107
      99
     101
      98
     100
     111
     121
     101
     115
     102
     114
      91
     123
     103
      92
      83
     103
      96
     112
      97
     110
     110
      96
     115
      99
     127
     102
     105
      99
     125
     113
     109
      85
     119
     102
     109
      94
     112
     102
      97
      95
     108
     108
     121
      95
     121
     105
     113
     113
     103
      98
     112
     100
      90
      95
     115
     115
     101
     128
     117
     103
     141
     113
     111
     108
     115
     130
     117
      83
     116
     109
     119
     109
     120
     121
     122
     106
     107
     131
     120
     112
     104
     114
     112
     104
     114
     107
     117
     133
     108
     102
     116
      95
     114
     124
     105
     102
     109
     110
     129
      84
     125
     119
     114
     130
     119
     113
     112
     127
     134
     128
     112
      97
     112
     105
     116
     119
     124
     120
     126
      97
     117
     100
     118
     113
     109
     121
     125
     120
     123
     140
     110
     131
     124
      97
     132
     109
     148
     173
     235
     284
     303
     239
     230
     161
     123
     112
     107
      88
     114
     116
     101
      95
     101
     116
      89
     118
     122
     105
     109
      92
      97
     102
      98
     104
     109
     125
      86
      95
     110
      90
      84
      85
      86
      71
      76
      96
      87
      93
      90
      91
      88
      78
      83
      78
      82
      89
      62
      85
      82
      67
      79
      73
      70
      72
      71
      70
      80
      78
      76
      78
      93
      97
      83
      62
      71
      77
      85
      86
      88
      75
      68
      89
      77
      90
      70
      88
      74
      82
      74
      74
      77
      78
      74
      62
      77
      66
      84
      92
      69
      69
      74
      68
      65
      82
      73
      78
      84
      66
      76
      78
      78
      69
      74
      86
      74
      72
      85
      70
      61
      73
      86
      98
      97
      94
     117
      87
      71
      88
      69
      71
      74
      68
      64
      83
      75
      76
      70
      68
      71
      76
      59
      75
      84
      56
      69
      79
      74
      70
      50
      64
      54
      79
      63
      67
      70
      66
      69
      63
      59
      61
      73
      70
      71
      66
      58
      56
      71
      64
      66
      65
      84
      67
      56
      80
      55
      69
      65
      55
      66
      65
      58
      67
      75
      61
      63
      54
      56
      45
      63
      56
      54
      55
      66
      60
      53
      58
      67
      66
      70
      60
      63
      68
      61
      56
      56
      63
      52
      70
      46
      64
      57
      48
      55
      63
      57
      55
      60
      53
      66
      59
      47
      49
      43
      47
      55
      51
      49
      44
      53
      52
      53
      45
      52
      56
      48
      47
      42
      36
      46
      47
      58
      46
      57
      45
      41
      50
      61
      51
      48
      57
      47
      63
      48
      58
      36
      54
      70
      93
      91
      95
      90
      90
      85
      56
      41
      59
      31
      47
      45
      37
      42
      42
      50
      40
      35
      38
      43
      42
      42
      60
      34
      30
      50
      54
      31
      38
      48
      37
      49
      52
      55
      42
      32
      47
      42
      52
      43
      40
      42
      41
      37
      37
      41
      39
      32
      39
      33
      38
      37
      40
      27
      40
      36
      44
      43
      41
      39
      40
      31
      40
      32
      31
      34
      45
      37
      43
      42
      38
      32
      47
      42
      36
      35
      35
      45
      29
      39
      43
      38
      37
      36
      21
      33
      36
      36
      38
      34
      36
      43
      24
      44
      24
      34
      40
      31
      30
      25
      49
      29
      40
      34
      26
      30
      27
      35
      24
      37
      35
      43
      36
      37
      36
      44
      36
      43
      54
      96
     121
     149
     169
     122
      94
      71
      40
      33
      38
      25
      28
      30
      31
      35
      26
      26
      35
      38
      45
      39
      52
      60
      56
      41
      40
      43
      35
      21
      36
      31
      26
      27
      30
      35
      32
      30
      35
      33
      37
      27
      27
      31
      38
      34
      31
      37
      34
      31
      34
      36
      24
      35
      36
      31
      19
      32
      30
      34
      26
      27
      26
      29
      43
      49
      79
      60
      53
      44
      47
      37
      29
      30
      32
      35
      31
      30
      24
      39
      49
      70
      80
      99
      85
      88
      61
      45
      41
      31
      27
      32
      31
      35
      33
      30
      28
      28
      27
      33
      28
      39
      29
      28
      38
      38
      31
      20
      28
      27
      25
      34
      30
      29
      33
      23
      28
      28
      31
      34
      27
      29
      21
      26
      30
      33
      19
      35
      29
      36
      23
      38
      40
      29
      21
      24
      25
      17
      29
      24
      29
      27
      24
      19
      39
      34
      22
      33
      27
      35
      27
      27
      28
      24
      34
      22
      23
      32
      30
      26
      29
      25
      30
      32
      41
      33
      26
      30
      27
      20
      25
      36
      30
      34
      34
      25
      37
      23
      30
      24
      37
      35
      38
      28
      32
      45
      29
      40
      33
      27
      23
      30
      28
      31
      26
      24
      40
      36
      32
      31
      28
      47
      39
      28
      49
      27
      45
      30
      49
      46
      51
      46
      44
      51
      64
      70
     114
     210
     489
    1202
    2451
    4194
    6426
    7677
    7069
    5354
    3187
    1487
     574
     169
      50
      20
      19
      15
      15
      28
      11
      22
      17
      16
      22
      13
      18
      15
      13
      16
      12
      15
      26
      24
      15
      21
      13
      16
      17
      18
      13
      22
      14
      20
      21
      18
      15
      18
      16
      24
      11
      14
      21
      17
      14
      20
      22
      25
      20
      29
      13
      12
      17
      23
      15
      20
      20
      13
      14
      17
      17
      18
      10
      12
      16
      13
      23
      27
      15
      14
      18
      12
      17
      12
      11
      16
      15
      20
      18
      16
      13
       9
      16
      18
      15
      15
      29
      32
      26
      35
      64
      49
      41
      25
      22
      27
      15
      12
      18
      15
      20
      25
      21
      31
      30
      32
      21
      22
      23
      18
      17
      13
      23
      17
      14
      12
      19
      15
      16
      21
      21
      30
      30
      51
      62
      73
      78
      51
      49
      23
      24
      33
      14
      21
      29
      28
      30
      28
      20
      18
      17
      24
      15
      13
      17
      19
      17
       9
      15
      13
      16
      16
      19
      20
      17
      18
      19
      12
      14
      15
      18
       8
      14
      20
      13
      20
      17
      18
      19
      25
      11
      21
      14
      14
      29
      23
      15
      17
      21
      13
      24
      15
      20
      17
      18
      23
      11
      21
      16
      13
      12
      11
       8
      20
      26
      13
      11
      10
      17
      20
      25
      17
      24
      28
      26
      22
      12
      15
      21
      10
      18
      20
      19
      30
      24
      24
      29
      22
      18
      16
      14
      12
      11
      21
      15
      17
      17
      13
      11
      12
      14
      15
      15
      19
       9
      12
      15
      16
      17
      11
      22
      18
       8
      16
       8
      14
      14
      14
      22
      18
      18
      19
      20
      15
      17
      19
      19
      23
      15
      12
      13
       8
      23
      14
      12
       9
      14
      11
      16
      19
      12
      10
      16
      13
      12
      12
       9
      13
      13
      11
      10
      15
       9
       7
       9
      15
      10
      16
      16
      17
       5
      18
      18
      17
      13
      11
      22
      13
      15
      21
      20
      11
      15
      15
       9
      15
      20
      13
      14
      14
      20
      20
      23
      27
      32
      32
      24
      20
      23
      22
      27
      24
      23
      22
      25
      11
       9
      15
      19
      24
      42
      51
      76
      89
      94
      82
      61
      40
      23
      17
      14
      22
      26
      33
      49
      50
      41
      47
      29
      32
      15
      21
      19
      23
      22
      18
      10
      19
      19
      15
      17
      14
      15
      35
      29
      26
      12
      20
      18
      13
      15
      14
      20
      13
      11
      14
      10
      16
      14
      17
      17
      13
      15
      17
      12
      15
      15
      18
      17
      17
       7
       8
       6
      18
      16
       9
       8
      11
       8
      10
      12
      14
      16
       9
      16
      14
       7
      14
      18
      15
      11
      14
      14
      13
       4
      22
      22
      30
      49
      58
      55
      49
      49
      26
      13
      12
      13
      15
      15
       9
      13
      21
      16
      19
      13
      14
      11
      14
      11
      21
      20
      15
      27
      33
      44
      53
      70
      67
      39
      29
      13
      19
      15
      11
      14
      15
       9
       7
       5
      10
      13
      12
      15
      19
      23
      33
      20
      19
      25
      17
      11
      13
      14
       8
       5
       8
      11
      17
      11
      13
      16
       9
      11
      13
      12
      11
      13
       8
      12
      10
      16
      10
      19
      10
      15
      12
      12
       9
       9
      12
      10
       4
      12
       7
      11
       6
       7
      13
       8
      14
       8
      12
      13
      10
      12
       7
       9
       8
      15
      20
       8
      10
      11
      11
      23
      28
      26
      41
      35
      21
      24
      17
      14
      12
       8
      11
      13
      14
      13
      17
      12
      16
      12
      11
       9
      10
      14
      11
      10
      12
      18
      13
      14
       9
      12
      14
      11
      13
       9
      12
      17
       8
       7
       6
      11
      14
      11
       9
      11
      18
      11
      10
       8
      13
      13
      12
      18
       5
      11
      13
      13
      11
       7
      10
      12
      11
      22
      14
      17
      10
      17
       8
      16
      10
       8
      14
       9
       7
       8
       7
      17
       9
       9
       9
      10
      12
      13
      13
      18
      13
       8
      16
      18
      10
       8
      14
       9
      12
      11
      10
      13
       9
      10
       9
       8
       7
       7
       8
       5
      14
      12
       4
      11
      10
      10
       7
      13
       8
      10
      10
       4
       7
       8
      11
      11
       7
       7
       5
       5
      11
       6
       9
       9
      10
       6
       6
      11
      12
      11
       4
       7
      11
      11
       7
       6
       5
      11
      10
      14
      10
       5
      14
      13
       5
       8
       6
      15
      13
       8
       8
       8
      15
       9
       6
      13
      16
       8
      14
      12
       9
      11
       5
      10
       9
      12
       7
      10
       6
       6
      13
       7
      11
      14
      20
      34
      57
      62
     109
     108
      81
      55
      35
      21
      10
      11
       8
       8
       5
      15
      12
      16
      16
       7
      11
       9
       9
      13
      11
       5
      12
       9
       8
      12
       6
       7
      10
       9
       9
      13
       8
      10
       7
       8
       2
      12
      10
       5
      14
      12
       9
       6
       6
       6
       9
      12
       7
      10
       9
      10
      11
       9
       6
      18
      12
       9
       9
      11
       9
       8
       7
       7
       5
      14
       9
       7
      10
      10
      18
      12
      11
      11
       7
       8
      11
      16
      10
      14
      12
       9
       9
      11
      18
      16
      22
      29
      63
     108
     220
     299
     376
     368
     334
     241
     127
      77
      42
      20
      18
      12
       8
      14
      10
      10
      11
      10
      10
       5
       3
      16
      17
       9
       8
      11
      10
      10
      12
       9
       9
      10
       9
      10
      14
       8
      12
      13
       9
       8
       8
       8
      13
       8
      10
      11
      13
      11
       5
      14
       6
       5
       7
      10
       4
      11
       8
       9
      14
       8
      10
      12
      12
       9
       5
       4
       5
      10
       9
      12
      14
      10
      11
       6
      15
       7
      13
      11
       6
      16
       2
       9
      10
      10
       9
      10
       7
      12
       5
      11
       9
      13
       9
       7
       7
       7
       8
       7
       9
       6
       6
      12
      11
      15
       9
      14
       9
      12
      13
       9
       6
      14
      17
      12
      14
       8
      12
       6
      11
      11
      11
      11
       6
      18
      16
       9
       7
       9
      13
      14
      12
       8
       9
      10
      10
      12
      11
      11
       5
       9
       9
       9
       7
      10
       5
      12
       4
       9
       9
       4
       7
       6
       8
       7
       8
      14
       7
      11
       4
      12
       9
      11
      13
      10
       8
       5
       7
      11
       8
       9
      16
      10
       6
       7
       7
       5
       7
       9
       6
       7
       9
      11
       4
       7
      13
       3
       4
      13
       8
       5
       9
      12
      12
       6
      14
       8
      12
       9
      21
      17
      17
      13
      12
      13
      11
      15
      13
      13
       6
      11
       7
       5
      11
       7
       9
       8
      14
      13
      23
      45
      31
      51
      59
      45
      47
      27
      15
      15
      10
       7
      14
      11
       8
       7
       8
       8
      14
      12
       9
       9
       7
      14
      13
       9
      10
       8
       8
       8
      11
       5
       8
      12
       7
       8
      13
      13
      12
      11
       4
       6
       8
       4
       5
       8
       9
      12
       8
       5
       8
      12
      10
       5
      16
      18
      13
       8
       8
      12
      10
       7
       5
      11
       8
       7
      11
      12
      10
       9
       6
      23
       7
      12
      15
       7
       9
      11
      15
      10
       6
       6
       8
      18
      10
       8
      11
       9
      10
      10
      12
       3
      13
       5
      12
       8
       7
       7
       5
      10
      11
       9
       7
      10
      14
       8
       8
      18
      12
      13
       5
      12
      13
       9
      14
      14
      13
      10
      12
      10
      20
       5
      13
       9
      12
      16
      10
      10
       8
      14
       8
       6
       9
       7
      12
       8
      13
      11
      10
       7
       7
       8
      14
      13
      10
       8
       7
       8
       8
       7
      18
       8
      13
       4
      11
       6
       9
       3
       1
      13
      15
       8
       9
      11
       5
       8
       6
       4
      14
      13
      12
       6
      17
      13
      12
      12
       7
       6
       6
       7
       3
       4
       9
       5
       8
      11
       8
      10
       9
       6
       3
       9
       6
       9
       7
      12
       8
       9
       6
      11
      20
       8
      10
      12
       6
      15
       3
      12
      16
       4
      11
       8
       4
       9
      10
       9
       7
      14
       9
       5
       4
      10
       8
      10
      16
      13
       7
       9
      12
       9
       9
      10
       7
      11
       7
       9
       9
      13
      11
       7
      13
      16
      10
      12
      13
       8
      11
      12
       8
       5
       4
       9
       5
       8
       6
      11
      12
       9
      11
      11
       9
       9
       2
      12
      10
       6
       8
       9
      10
       7
      13
      12
       8
       4
       6
      11
      13
      10
       7
      12
      13
      12
       8
      11
       4
      12
      10
       8
       6
      13
       9
       7
       5
      10
       9
      11
       8
      11
      12
       8
      10
       7
       9
      14
       3
      10
       9
       6
       8
      10
      11
      11
       6
       3
      12
      16
      16
      10
       9
       7
       9
       8
      11
      15
      10
       7
       6
       7
       9
       8
       9
      11
       8
       7
      10
       7
      11
       9
       6
       9
       8
       6
       9
      10
       6
      11
       7
       8
       5
       6
       8
      10
       5
       8
       6
      10
       5
      10
      11
      12
      13
       6
      10
       5
       8
      10
       8
       6
       7
       9
       9
      12
      10
      12
      11
      14
       8
       9
      15
       6
       5
       6
       7
       6
       3
      10
      14
      10
       9
       7
      12
      11
       9
       5
       7
      12
       5
       4
       9
      11
       9
       7
       7
      10
       9
       9
       7
       3
       3
       4
       7
      13
       5
       6
      11
      10
       8
       9
       8
       8
       2
      10
       9
       8
      10
       6
      11
       9
      11
       8
      11
       9
      10
       3
      13
      12
       7
      15
       8
       6
       8
       2
       7
       7
       8
      10
      12
      12
      11
       9
       8
       5
       9
      17
       6
      10
       5
       5
       8
      10
       7
       5
       5
       6
       5
      10
       8
      10
       9
       8
       3
      12
       7
       8
      15
       8
      10
      15
      12
       6
       8
       8
       9
       2
       9
       7
       7
       6
      12
       8
       8
      13
       5
      11
       6
      14
      12
       6
       4
      11
       5
       8
       5
       6
       6
       8
       9
      13
       8
      10
       5
       9
       3
       6
       9
      10
      11
       9
       3
       7
       5
       4
       8
       8
       6
       7
       9
       6
       5
      12
       7
       7
      11
       8
       8
       3
      10
       2
       8
      18
      10
       6
       7
       8
       7
       4
      11
       8
       7
      13
       7
       6
       8
       5
      12
       9
       5
      10
       6
       9
      10
       9
       4
       9
       5
       7
       5
       5
      10
       7
      12
       8
       9
       7
       4
       8
       7
       8
       4
      10
      13
       8
       3
       6
       9
      12
      10
       5
       6
      10
       5
      11
       8
       4
      12
       8
       4
      10
       6
       8
       7
       5
       7
      10
       9
      11
      12
      13
       4
       9
       9
      12
       7
       8
       6
       5
       9
       9
       8
       9
       8
       5
       6
       7
      10
       6
      10
      10
       7
       9
      11
       6
       7
       6
      10
       8
      10
       8
      10
       3
       4
       7
       9
      13
      10
       8
      11
      12
       4
      10
       8
       5
      10
      10
      16
      11
       4
      12
       7
      10
      11
       7
       2
       8
       7
       6
      13
      10
       9
       6
      11
       8
      10
       9
      12
      19
      29
      31
      43
      44
      59
      52
      60
      64
      35
      28
      25
      18
      12
       8
      11
       3
      12
       9
       7
      11
       7
       7
       9
      10
       7
      13
      11
       9
      13
      10
       7
       7
      11
      11
       5
       9
      10
       5
      11
      13
      15
      15
      23
      25
      38
      27
      29
      20
      12
       8
       9
       8
       8
      11
      11
       5
       7
      10
       8
       8
       7
       8
       8
       8
      11
      11
      10
       8
       6
       7
       8
       6
       9
       7
       4
       7
       7
       9
      10
       6
       7
      17
       8
       9
       5
       7
      13
      10
       9
       8
       8
       9
       4
       7
       5
       7
       7
       7
      12
       5
      12
      13
       5
       8
      13
      11
       9
       4
       6
       4
       6
       9
      11
       6
      10
       4
       3
      10
       7
      11
       6
      12
      12
       4
       5
       7
       6
       5
      12
      10
       7
       8
      14
       9
       8
      12
       7
       6
       6
       7
       4
       9
       5
       7
       4
      10
      10
      11
       5
      13
       8
       6
       7
      13
       8
       4
      11
       8
       9
      13
      11
      12
      12
       9
       9
      11
       5
       9
       6
       7
       7
       6
      10
       6
      10
      11
       9
       6
       4
      16
       7
       8
      13
      11
       6
       9
       9
       5
      15
      10
       6
      12
      10
       8
      18
       9
       4
       8
      14
      11
      11
       9
       4
       7
       3
       7
       5
       5
       9
       6
       8
       8
       8
       9
       8
       9
      13
       7
       8
      13
       7
       8
       2
      13
      16
       9
      10
       8
       6
       8
       5
       6
       7
       7
      15
       8
       8
       7
      11
       6
       9
       5
       9
       7
      16
       8
       7
       6
      10
       7
       6
       7
       9
      11
       4
      11
       7
      11
      12
      13
      11
      15
      12
       9
      16
      27
      33
      47
      70
      82
     111
      82
      89
      69
      45
      20
      19
       7
      11
       4
      11
       9
       8
       9
      10
       5
       6
       5
       7
       9
      10
       6
       6
       8
       5
       8
      17
       9
       8
       9
      12
       3
       8
      12
      14
       9
       8
       5
       9
       7
      13
       8
      11
       9
       8
      10
       7
       9
       5
      10
      11
      12
       7
       5
       3
       7
       9
       6
       5
       6
      12
      10
      14
       2
       4
       7
      10
      11
       8
       6
       9
       8
       9
      13
      10
      14
       7
      14
       8
       6
      10
       8
       5
      10
       7
       6
       6
       7
       8
       7
      11
      12
       9
      10
      11
      14
      13
       8
       4
       7
      12
       4
       6
       6
      11
       4
      13
      10
       8
       9
       9
       6
      10
      15
       4
       9
      14
      10
      10
       7
      10
       8
       8
       8
       6
      10
       7
       5
      10
       9
      12
       7
       3
       8
      11
      13
      15
       8
      10
       6
       6
      13
       9
       8
       5
      20
      15
      15
       8
       7
       6
       7
      12
       8
       3
      11
      10
      12
      13
       8
       7
      12
       3
      14
      10
      11
       6
      12
      10
       7
       9
      13
       5
      14
       6
      12
      10
       7
       9
       8
       6
       7
       8
       8
      10
      10
       7
       9
      11
      10
      18
      13
       3
      15
       7
       3
       8
       8
       8
      15
       6
      10
       9
      19
      13
       7
       8
       8
       7
       5
      19
       2
       8
       9
       9
       6
       6
      12
       6
       7
      11
       6
       8
       8
       7
       8
      11
      14
      10
       9
       7
      13
      17
      21
      10
      15
      14
       7
      11
      17
      13
       9
       5
      17
      12
       8
      12
      12
      12
       7
      15
      14
      10
      11
      10
       8
      11
      12
       8
       7
      12
       8
      10
       8
      10
       9
      16
      13
      10
       7
      16
      14
      20
      16
       7
       8
      13
      10
      12
       9
       4
       9
       8
       8
      11
       3
       4
      10
      16
      12
      10
       7
      11
       9
       5
       7
       3
      12
      10
      11
      10
      10
      15
      14
       7
       6
      10
       7
       6
      10
       5
      10
      12
       7
      12
       8
      11
      14
      11
       9
       4
       6
       8
       7
      12
      10
      11
       7
      17
       9
      10
      13
       9
      17
       9
       6
      16
       8
      13
      13
      17
       7
       8
      13
      10
      10
      14
      14
      12
      12
       8
      12
       9
      14
       9
      15
      10
      10
      12
       8
       7
      14
      10
       9
      12
      10
      10
      14
       8
       8
      10
      10
      10
      12
      12
       2
       7
       9
      10
      13
       6
      16
      14
      11
      10
      12
      10
       9
       9
       4
       7
      14
       7
       5
      12
       7
       8
       5
       8
       6
      15
      13
      18
      11
      12
      13
      16
      10
      12
       8
      13
       9
      13
      11
       6
       7
      11
      11
      11
       6
      12
       7
      10
      12
       7
      12
       7
      10
      13
      17
      22
       9
      10
       6
      12
      11
      12
      16
      10
      18
       9
       7
      10
       7
      15
       7
       9
      12
      18
      11
      10
      15
      10
      13
      12
       9
      10
      17
      10
      13
       8
       3
      10
      13
       8
      11
       7
       9
      13
      11
      11
      12
       6
       8
      11
      10
      10
      11
       8
      14
       6
      10
       7
      19
       8
      11
      19
       5
      11
      11
      11
       6
      11
       3
      16
      11
      13
       3
       7
       7
       7
       8
       6
       5
       8
       8
       6
      11
       9
       6
      10
       5
       5
      10
       7
       8
       7
       7
      11
       8
       5
       6
       5
       8
       7
       5
      10
       8
       6
       7
       6
       3
      13
       5
       5
       5
       8
       9
      11
       9
       7
       9
       8
       7
       5
       6
       6
      10
       7
      13
      12
       6
       6
       7
       5
      13
       9
      12
      11
       7
       8
       6
       7
      14
       9
       5
       5
       8
       8
       5
       4
       3
       7
       6
      11
       6
       9
       9
       6
       4
       5
       8
       2
      10
       6
      11
      18
       6
      10
       4
       6
       8
       6
       4
      10
       9
       6
      10
      11
      12
      12
       6
       8
       7
       5
       8
       6
       5
       7
       8
       6
       6
       7
       8
       3
       5
       7
       8
       4
       6
       5
       6
       7
       8
       9
       9
       7
       6
       4
       4
       6
       4
       7
       9
       6
       5
       5
       7
      14
      11
      18
      14
      32
      33
      29
      34
      29
      19
      15
      11
      11
       4
       2
      10
       4
       3
       7
       7
       6
       3
      10
       6
       5
       7
       6
       9
       6
       9
       6
       5
       8
       8
       4
       6
       4
       5
       3
       5
       5
       7
       7
       2
       4
       6
       7
       5
       4
       2
       5
       4
       4
       7
       7
       8
       2
       7
       8
       2
       7
       6
       5
       4
       6
       9
       6
       7
       5
       5
      11
       8
       9
       5
       5
       4
      11
       8
      14
      11
       6
      14
       5
       5
       5
       3
       5
       2
       7
       5
       6
       4
       2
       9
       3
       5
       4
       5
       4
       7
       6
       6
       7
       5
       8
       8
       1
       4
       6
       4
       5
       8
       4
      10
       2
       3
       5
       6
       6
       4
       4
       2
       0
       7
       2
       9
       6
       6
       6
       5
       1
       3
       3
       1
       4
       1
       3
       1
       6
       6
       5
       6
       4
      10
       6
       6
       7
       3
       6
       4
       6
       5
       3
       4
       3
       3
       7
       2
       2
       2
       5
       6
       3
       5
       6
       2
       3
       6
       1
       3
       2
       7
       1
       4
       3
       2
       7
       1
       5
       1
       5
       2
       6
       4
       4
       6
       5
       1
       3
       3
       1
       1
       7
       8
       4
       7
       4
       2
       7
       3
       4
       4
       2
       5
       5
       2
       2
       6
       2
       4
       3
       1
       5
       4
       1
       4
       6
       5
       3
       1
       1
       1
       4
       5
       6
       2
       3
       6
       5
       2
       1
       4
       5
       6
       1
       4
       2
       3
       2
       4
       9
       4
       3
       2
       4
       1
       3
       1
       2
       4
       3
       3
       1
       1
       4
       1
       2
       1
       1
       4
       2
       2
       7
       4
       8
       1
       1
       2
       8
       3
       6
       4
       4
       2
       1
       1
       2
       1
       3
       4
       3
       5
       2
       3
       1
       3
       2
       3
       2
       1
       2
       0
       2
       2
       3
       3
       2
       2
       6
       0
       1
       5
       0
       1
       5
       5
       4
       2
       2
       3
       2
       4
       5
       3
       4
       0
       4
       3
       5
       2
       5
       3
       1
       3
       0
       3
       2
       3
       2
       3
       4
       2
       1
       3
       2
       4
       3
       4
       0
       3
       6
       1
       2
       3
       4
       8
       2
       4
       1
       1
       3
       2
       4
       1
       4
       1
       3
       2
       3
       2
       2
       2
       4
       2
       4
       1
       5
       4
       4
       1
       2
       7
       1
       8
       2
       2
       3
       4
       4
       3
       2
       4
       2
       3
       5
       2
       7
       2
       1
       5
       6
       0
       3
       5
       5
       5
       1
       2
       3
       6
       2
       3
       3
       6
       2
       7
       2
       4
       2
       4
       4
       4
       2
       0
       1
       5
       0
       3
       3
       1
       4
       4
       3
       5
       6
       2
       4
       3
       5
       5
       5
       3
       3
       8
       8
       5
       4
      11
      14
      39
      42
      78
     131
     199
     336
     411
     471
     498
     464
     402
     274
     163
     111
      56
      25
       9
       4
       4
       3
       4
       1
       2
       4
       1
       2
       4
       2
       3
       1
       3
       3
       1
       4
       3
       2
       1
       3
       0
       2
       2
       1
       3
       0
       3
       1
       2
       2
       4
       7
       3
       2
       3
       3
       4
       4
       4
       1
       1
       0
       0
       2
       2
       2
       2
       4
       3
       2
       3
       1
       2
       3
       2
       1
       2
       0
       0
       3
       4
       2
       4
       3
       3
       2
       2
       1
       1
       0
       1
       3
       2
       5
       1
       4
       3
       3
       1
       1
       1
       4
       1
       0
       0
       1
       1
       3
       2
       3
       2
       3
       6
       6
       5
       1
       3
       2
       4
       1
       2
       6
       4
       2
       4
       2
       2
       5
       3
       4
       0
       1
       2
       3
       4
       1
       0
       0
       3
       0
       3
       4
       3
       4
       0
       2
       4
       4
       2
       2
       5
       2
       0
       1
       5
       3
       2
       4
       2
       4
       4
       3
       3
       3
       2
       3
       3
       3
       0
       5
       1
       3
       2
       2
       1
       1
       3
       1
       2
       2
       3
       2
       1
       2
       4
       2
       1
       0
       1
       3
       3
       2
       2
       2
       0
       1
       1
       3
       2
       8
       3
       4
       6
       6
       3
       5
       2
       0
       3
       2
       4
       2
       0
       4
       3
       0
       0
       1
       3
       1
       1
       4
       2
       4
       1
       0
       2
       1
       1
       3
       2
       2
       4
       2
       1
       4
       2
       1
       2
       5
       5
       2
       2
       2
       0
       3
       1
       4
       2
       2
       3
       3
       0
       3
       1
       2
       1
       4
       5
       2
       2
       0
       3
       4
       3
       3
       1
       2
       1
       0
       1
       2
       3
       1
       1
       1
       4
       0
       1
       2
       0
       0
       2
       3
       1
       2
       2
       0
       5
       1
       0
       2
       0
       4
       2
       2
       1
       1
       1
       3
       0
       3
       0
       1
       3
       0
       5
       0
       6
       0
       4
       4
       1
       0
       2
       1
       3
       3
       1
       2
       2
       0
       0
       3
       5
       2
       0
       2
       3
       3
       2
       2
       1
       2
       4
       1
       4
       2
       3
       4
       2
       5
       1
       6
       2
       1
       2
       2
       4
       4
       0
       2
       1
       1
       3
       1
       1
       1
       2
       2
       1
       2
       3
       3
       2
       2
       3
       1
       1
       1
       2
       2
       3
       1
       2
       1
       4
       2
       3
       0
       2
       3
       4
       2
       5
       2
       3
       1
       1
       1
       2
       2
       5
       2
       0
       2
       4
       0
       2
       1
       1
       1
       1
       0
       3
       4
       0
       3
       1
       2
       3
       6
       4
       5
       4
       2
       1
       2
       0
       1
       2
       1
       4
       3
       3
       1
       1
       4
       1
       1
       1
       1
       0
       2
       2
       0
       4
       3
       3
       1
       1
       2
       3
       0
       1
       0
       5
       0
       2
       1
       1
       1
       2
       0
       1
       2
       2
       3
       0
       2
       1
       3
       4
       1
       2
       4
       1
       4
       2
       1
       1
       2
       1
       0
       3
       0
       2
       0
       4
       3
       0
       0
       2
       1
       2
       5
       2
       2
       4
       3
       1
       1
       2
       3
       2
       2
       2
       3
       4
       2
       4
       3
       1
       0
       1
       1
       1
       3
       3
       1
       6
       1
       1
       1
       2
       2
       2
       1
       1
       4
       2
       1
       2
       3
       2
       0
       2
       1
       2
       3
       2
       3
       2
       1
       3
       2
       1
       2
       3
       1
       0
       0
       1
       3
       3
       1
       1
       1
       4
       2
       4
       2
       3
       2
       1
       3
       2
       3
       1
       2
       1
       0
       0
       2
       0
       3
       1
       4
       4
       1
       1
       4
       2
       4
       1
       0
       1
       1
       1
       1
       2
       3
       1
       1
       1
       4
       1
       2
       0
       4
       0
       1
       0
       2
       2
       3
       3
       1
       3
       2
       2
       1
       2
       2
       1
       0
       1
       0
       2
       3
       2
       2
       2
       1
       3
       1
       1
       1
       0
       1
       2
       0
       3
       0
       0
       2
       2
       1
       0
       0
       1
       2
       1
       2
       1
       2
       2
       1
       2
       2
       2
       2
       2
       2
       0
       4
       1
       3
       3
       4
       2
       1
       3
       2
       1
       5
       3
       0
       0
       3
       2
       4
       4
       2
       3
       2
       6
       1
       1
       2
       5
       1
       2
       7
       3
       3
       0
       2
       1
       3
       3
       3
       0
       3
       3
       0
       1
       2
       1
       2
       1
       1
       4
       3
       2
       1
       2
       1
       2
       2
       2
       3
       0
       2
       1
       0
       1
       1
       1
       3
       3
       4
       0
       1
       0
       4
       2
       3
       1
       2
       1
       2
       1
       4
       2
       2
       2
       3
       3
       3
       3
       1
       4
       2
       2
       3
       0
       2
       3
       4
       1
       5
       1
       2
       4
       1
       2
       2
       1
       2
       4
       1
       1
       2
       3
       2
       1
       1
       1
       4
       2
       3
       2
       2
       2
       0
       2
       3
       2
       0
       2
       2
       2
       0
       2
       3
       1
       1
       1
       3
       0
       0
       3
       1
       1
       4
       1
       3
       2
       0
       4
       2
       1
       1
       3
       2
       2
       0
       0
       0
       2
       0
       1
       1
       1
       0
       2
       2
       0
       0
       1
       1
       0
       1
       1
       2
       3
       1
       1
       4
       1
       1
       4
       1
       3
       1
       0
       3
       2
       1
       2
       4
       3
       2
       1
       1
       1
       0
       4
       0
       2
       0
       1
       0
       2
       1
       3
       1
       2
       2
       2
       1
       1
       7
       3
       7
       1
       2
       1
       1
       2
       1
       0
       2
       1
       2
       3
       2
       2
       3
       2
       1
       1
       3
       2
       2
       3
       2
       1
       1
       4
       1
       2
       1
       2
       2
       0
       2
       0
       3
       3
       1
       0
       3
       4
       1
       1
       1
       2
       1
       1
       4
       3
       0
       1
       0
       0
       0
       0
       0
       1
       2
       1
       0
       4
       1
       3
       3
       3
       2
       1
       1
       2
       4
       0
       3
       1
       3
       5
       2
       2
       0
       1
       3
       2
       2
       1
       4
       4
       0
       2
       0
       2
       1
       2
       2
       2
       2
       2
       1
       1
       1
       1
       1
       1
       2
       1
       2
       1
       1
       0
       4
       1
       1
       2
       2
       2
       1
       2
       2
       2
       0
       3
       0
       1
       2
       1
       1
       3
       1
       3
       4
       0
       1
       1
       0
       0
       1
       1
       0
       1
       1
       2
       0
       3
       0
       4
       2
       2
       2
       1
       0
       1
       0
       4
       1
       0
       0
       0
       3
       5
       3
       0
       2
       1
       0
       4
       4
       1
       1
       3
       0
       4
       0
       0
       5
       1
       2
       1
       1
       2
       2
       1
       3
       5
       2
       1
       0
       4
       2
       0
       0
       1
       1
       0
       1
       0
       0
       7
       3
       0
       1
       1
       2
       1
       1
       1
       1
       1
       2
       1
       0
       0
       1
       1
       0
       2
       1
       1
       1
       3
       1
       2
       1
       2
       3
       2
       0
       0
       2
       1
       1
       1
       2
       2
       1
       3
       5
       0
       1
       2
       1
       0
       2
       2
       0
       0
       1
       0
       1
       1
       4
       2
       0
       2
       0
       2
       4
       3
       0
       1
       0
       1
       4
       0
       3
       1
       3
       2
       0
       3
       1
       0
       1
       2
       1
       1
       0
       3
       0
       3
       1
       3
       1
       2
       1
       2
       2
       2
       2
       1
       1
       1
       1
       1
       1
       3
       2
       0
       0
       1
       0
       1
       0
       2
       1
       2
       2
       1
       0
       1
       2
       1
       1
       1
       0
       0
       0
       0
       0
       0
       0
       0
       0
       0
       0
       0
       0
       0
       0
       0
       0
       0
       0
       0
       0
       0
       0
       0
       0
       0
       0
       0
       0
       0
       0
       0
       0
       0
       0
       0
       0
       0
       0
       0
       0
       0
       0
       0
       0
       0
       0
       0
       0
       0
       0
       0
       0
       0
       0
       0
       0
       0
       0
       0
       0
       0
       0
       0
       0
       0
       0
       0
       0
       0
       0
       0
       0
       0
       0
       0
       0
       0
       0
       0
       0
       0
       0
       0
       0
       0
       0
       0
       0
       0
       0
       0
       0
       0
       0
       0
       0
       0
       0
       0
       0
       0
       0
       0
       0
       0
       0
       0
       0
       0
       0
       0
       0
       0
       0
       0
       0
       0
       0
       0
       0
       0
       0
       0
       0
       0
       0
       0
$ROI:
92
177 185
241 249
258 266
313 321
467 476
487 496
507 516
520 532
546 558
572 584
605 614
625 634
653 662
676 690
706 720
739 752
773 787
789 801
824 837
844 858
889 903
923 937
956 970
1181 1194
1216 1229
1244 1257
1309 1325
1343 1359
1377 1393
1505 1518
1534 1547
1572 1584
1605 1617
1639 1651
1709 1720
1742 1754
1780 1792
1883 1899
1917 1933
1951 1967
2363 2378
2401 2416
2435 2450
2460 2478
2487 2505
2519 2532
2541 2553
2556 2570
2587 2601
2911 2927
2953 2969
2992 3008
3225 3243
3263 3281
3301 3319
3632 3652
3669 3690
3711 3733
3760 3782
3799 3821
3853 3875
3904 3926
4146 4160
4191 4205
4239 4253
4277 4292
4304 4319
4344 4362
4381 4401
4423 4443
4505 4527
4561 4583
4602 4625
4651 4675
4707 4731
4816 4840
4873 4897
4921 4945
5495 5519
5550 5574
5589 5613
5642 5666
5754 5780
5813 5839
5875 5901
6395 6413
6458 6478
6518 6538
6846 6868
6899 6920
6954 6980
7007 7028
$PRESETS:
Live Time
80000
0
$ENER_FIT:
0.200042 0.378074
$MCA_CAL:
3
2.000416E-001 3.780739E-001 1.596453E-008 keV
$SHAPE_CAL:
3
2.091645E+000 1.039361E-003 -4.171630E-008
