$SPEC_ID:
No sample description was entered.
$SPEC_REM:
DET# 1
DETDESC# BETA MCB 129 Input 1
AP# GammaVision Version 6.09
$DATE_MEA:
03/20/2014 12:27:26
$MEAS_TIM:
94327 94348
$DATA:
0 8191
       0
       0
       0
       0
       0
       0
       0
       0
       0
       0
       0
       0
       0
       0
       0
       0
       0
       0
       0
       0
       0
       0
       0
       0
       0
       0
       0
       0
       0
       0
       0
       0
       0
       0
       0
       0
       0
       0
       0
       0
       0
       0
      44
      23
      46
      46
      82
      95
     119
     159
     217
     254
     245
     240
     209
     228
     234
     248
     293
     298
     282
     283
     287
     277
     261
     199
     197
     186
     202
     188
     218
     155
     176
     186
     173
     187
     192
     184
     161
     168
     184
     151
     177
     182
     173
     192
     182
     186
     159
     152
     184
     171
     152
     170
     151
     183
     141
     144
     167
     186
     129
     158
     184
     157
     161
     162
     158
     168
     179
     145
     185
     153
     185
     169
     174
     165
     178
     174
     166
     187
     157
     215
     259
     235
     174
     164
     162
     153
     154
     144
     169
     146
     141
     139
     147
     169
     153
     138
     148
     158
     167
     172
     174
     163
     181
     176
     157
     143
     150
     147
     134
     143
     147
     171
     184
     178
     181
     194
     189
     174
     184
     166
     173
     181
     170
     177
     296
     357
     275
     207
     166
     202
     180
     175
     187
     209
     205
     177
     183
     174
     180
     145
     195
     211
     190
     187
     176
     206
     216
     206
     202
     231
     272
     237
     234
     192
     251
     351
     409
     288
     188
     192
     236
     285
     299
     223
     175
     167
     176
     185
     195
     213
     201
     192
     177
     198
     216
     171
     216
     244
     224
     215
     252
     270
     292
     238
     208
     222
     213
     201
     255
     272
     182
     186
     199
     208
     197
     223
     223
     205
     213
     187
     209
     379
     509
     532
     390
     255
     219
     189
     229
     190
     172
     177
     199
     169
     173
     187
     214
     191
     191
     208
     207
     200
     189
     179
     186
     207
     190
     205
     181
     204
     187
     183
     183
     194
     173
     186
     188
     180
     173
     206
     176
     170
     180
     171
     199
     208
     175
     177
     185
     192
     213
     193
     173
     198
     185
     182
     237
     189
     202
     220
     195
     188
     200
     207
     185
     173
     196
     202
     181
     180
     208
     178
     215
     179
     184
     197
     195
     187
     199
     172
     181
     175
     194
     193
     175
     207
     211
     189
     185
     191
     216
     200
     204
     177
     196
     193
     190
     172
     177
     202
     194
     174
     185
     188
     189
     193
     182
     179
     173
     211
     186
     182
     193
     175
     175
     200
     186
     194
     191
     199
     184
     161
     187
     175
     189
     200
     190
     192
     190
     203
     175
     174
     186
     198
     171
     188
     197
     201
     237
     218
     178
     161
     165
     188
     191
     186
     180
     205
     183
     187
     167
     182
     168
     177
     178
     168
     188
     187
     191
     191
     159
     178
     162
     170
     204
     184
     205
     154
     165
     165
     190
     178
     191
     159
     166
     179
     171
     173
     154
     184
     149
     186
     160
     164
     200
     174
     174
     181
     192
     171
     212
     182
     180
     154
     173
     170
     182
     172
     152
     178
     183
     159
     178
     154
     176
     174
     161
     158
     174
     187
     187
     159
     155
     158
     157
     185
     179
     175
     184
     172
     163
     179
     183
     159
     153
     175
     160
     172
     161
     172
     154
     188
     162
     158
     150
     171
     171
     156
     172
     166
     157
     157
     160
     162
     170
     158
     163
     227
     370
     447
     354
     198
     158
     172
     175
     153
     149
     162
     116
     159
     132
     135
     153
     148
     177
     148
     167
     146
     149
     148
     133
     148
     169
     166
     146
     173
     144
     145
     131
     159
     154
     166
     168
     163
     172
     147
     165
     145
     145
     155
     156
     158
     141
     176
     146
     148
     151
     136
     145
     170
     138
     156
     158
     146
     138
     155
     131
     131
     147
     152
     177
     168
     188
     150
     129
     150
     134
     143
     150
     141
     130
     179
     131
     151
     138
     142
     150
     167
     162
     147
     113
     146
     145
     161
     166
     135
     148
     138
     137
     153
     133
     150
     161
     136
     142
     133
     182
     149
     159
     148
     143
     137
     149
     173
     149
     142
     157
     141
     155
     157
     177
     143
     150
     144
     158
     144
     162
     125
     159
     163
     140
     148
     146
     165
     132
     162
     180
     132
     186
     139
     153
     148
     158
     139
     150
     161
     139
     187
     345
     477
     308
     174
     119
     142
     150
     155
     158
     160
     148
     156
     141
     145
     119
     124
     132
     132
     154
     144
     128
     128
     139
     128
     142
     123
     119
     115
     133
     161
     127
     135
     119
     119
     119
     132
     115
     139
     127
     120
     135
     116
     126
     147
     124
     121
     114
     133
     128
     118
     125
     113
     134
     139
     144
     136
     126
     124
     136
     125
     118
     120
     116
     123
     100
     100
     111
     104
     122
     106
      98
     101
     118
     119
     111
     109
     110
     112
     100
     110
     109
     112
     106
     128
     128
     134
     129
     130
     116
     126
      97
      94
     112
     105
     123
      96
      98
     112
      86
     107
     109
     111
     132
     126
     109
     116
     101
      95
      91
      95
     109
     119
      83
     110
     105
     103
     100
     111
     105
      91
     116
     110
     108
     101
     116
      82
     110
     113
      89
      96
      94
     108
     102
     104
     105
     122
      88
      93
     102
      95
      98
     104
      86
      90
     107
      84
     112
      99
     110
     123
     154
     180
     131
      94
     102
      91
     107
      99
     111
     108
      88
      97
      92
      95
     110
      92
      98
      98
      86
     105
      75
     114
      98
     100
      93
      90
      93
     107
      97
      82
      97
      70
      97
     100
     101
      86
      96
      86
      99
     113
      81
      83
      94
      88
      91
     101
      85
      80
      85
      85
      94
      96
      94
      82
      77
      81
      95
      83
      93
      82
      89
      99
      88
      88
      78
     104
      72
      94
     107
      87
      89
      83
     101
      85
      93
      99
      86
      88
      93
      87
      90
      89
      71
      91
      91
      89
      83
      96
      94
      97
      90
      86
      86
      82
      97
      88
      87
      97
      77
      63
      83
      86
     100
      79
      72
     100
      79
      88
      94
      85
      73
      78
      88
     124
     131
     135
     100
      79
      89
      79
      94
     101
      81
      80
      90
      75
      75
      84
     101
      92
      91
     100
      63
      81
      85
      87
      71
      87
      64
      85
      87
      89
      93
      78
      83
      68
      81
      82
     106
     160
     174
     194
     123
     105
      70
      73
      77
      76
      60
      70
      88
      78
      74
      79
      73
      77
      97
      73
      78
      77
      91
      94
      76
      85
      65
      79
      74
      71
      86
      75
      76
      78
      78
      71
      80
      83
      69
      66
      62
      78
      67
      99
      75
      58
      67
      80
      50
      63
      69
      81
      68
      77
      87
      78
      90
      67
      74
      65
      58
      57
      66
      81
      61
      58
      95
      80
      76
      58
      76
      71
      61
      66
      69
      65
      68
      66
      73
      77
      77
      71
      67
      77
      73
      79
      82
      82
      70
      60
      70
      72
      76
      57
      60
      77
      59
      73
      68
      70
      63
      73
      71
      71
      52
      77
      60
      64
      81
      64
      69
      77
      66
      75
      63
      75
      57
      65
      50
      72
      68
      84
      68
      64
      80
      69
      59
      61
      47
      61
      61
      76
      73
      56
      81
      53
      66
      66
      53
      83
      58
      61
      70
      62
      65
      67
      54
      57
      60
      56
      61
      69
      61
      73
      56
      60
      73
      54
      72
      74
      71
      64
      73
      70
      61
      49
      73
      55
      62
      63
      71
      63
      74
      50
      63
      64
      54
      56
      71
      65
      53
      64
      75
      68
      73
      69
      70
      56
      68
      62
      78
      73
      58
      59
      68
      58
      50
      58
      68
      62
      63
      66
      55
      54
      68
      53
      57
      55
      52
      56
      59
      72
      61
      49
      56
      76
      52
      47
      57
      74
      79
      72
      66
      73
      58
      60
      56
      68
      57
      55
      68
      67
      82
      70
      62
      60
      74
      62
      53
      79
      57
      60
      69
      52
      52
      50
      70
      58
      57
      62
      60
      62
      66
      61
      51
      62
      59
      54
      68
      69
      63
      48
      48
      53
      54
      61
      55
      59
      67
      48
      63
      51
      44
      47
      51
      68
      72
      77
      54
      56
      73
      60
      66
      59
      48
      53
      60
      61
      53
      58
      59
      63
      56
      71
      48
      62
      57
      67
      69
      61
      55
      54
      61
      47
      53
      69
      57
      53
      43
      66
      60
      45
      52
      49
      49
      66
      54
      57
      52
      58
      66
      49
      35
      52
      54
      48
      53
      55
      57
      51
      48
      40
      51
      46
      48
      55
      68
      54
      56
      53
      59
      57
      53
      68
      56
      54
      57
      42
      52
      52
      50
      53
      57
      56
      68
      61
      47
      42
      48
      59
      58
      51
      63
      57
      53
      54
      63
      54
      64
      57
      37
      55
      45
      43
      55
      55
      47
      41
      54
      52
      59
      51
      50
      53
      63
      50
      45
      65
      46
      51
      50
      45
      47
      49
      53
      43
      50
      56
      58
      46
      57
      47
      56
      66
      57
      61
      47
      59
      49
      57
      54
      47
      64
      60
      59
      67
      59
     101
     119
     137
     209
     270
     318
     340
     331
     275
     228
     166
     111
     110
      65
      65
      56
      60
      46
      55
      39
      36
      42
      48
      40
      38
      44
      37
      48
      52
      45
      47
      49
      47
      54
      57
      42
      52
      49
      47
      34
      41
      44
      38
      46
      46
      42
      54
      40
      55
      38
      41
      52
      50
      34
      52
      37
      44
      57
      45
      46
      46
      68
      40
      31
      33
      47
      41
      55
      41
      53
      58
      48
      42
      57
      44
      51
      49
      45
      52
      46
      57
      48
      49
      59
      47
      40
      41
      40
      39
      60
      36
      49
      56
      54
      46
      48
      51
      47
      47
      43
      47
      51
      46
      40
      46
      43
      52
      42
      45
      53
      46
      53
      52
      39
      50
      42
      37
      47
      45
      37
      41
      48
      45
      52
      38
      46
      61
      40
      46
      40
      43
      39
      46
      46
      32
      35
      49
      39
      49
      45
      32
      51
      40
      45
      41
      47
      46
      52
      55
      41
      47
      46
      30
      44
      56
      33
      62
      49
      48
      50
      43
      30
      54
      41
      55
      43
      43
      49
      42
      29
      34
      44
      53
      45
      47
      58
      50
      44
      47
      45
      46
      49
      46
      50
      39
      38
      49
      44
      34
      46
      49
      37
      35
      51
      65
      81
     126
     143
     125
      89
      54
      51
      46
      53
      36
      38
      35
      45
      39
      48
      38
      54
      38
      46
      33
      42
      40
      44
      40
      43
      36
      58
      41
      31
      35
      49
      44
      51
      50
      39
      44
      48
      37
      37
      40
      40
      47
      41
      37
      35
      30
      36
      43
      46
      46
      36
      53
      42
      30
      46
      39
      45
      38
      50
      38
      47
      38
      46
      52
      50
      39
      44
      53
      50
     110
     141
     144
     156
      94
      53
      43
      39
      47
      34
      38
      33
      33
      54
      28
      41
      45
      54
      53
      42
      45
      40
      42
      35
      42
      41
      42
      31
      43
      45
      37
      36
      34
      47
      42
      47
      48
      42
      46
      48
      35
      49
      31
      45
      39
      43
      46
      40
      40
      49
      44
      35
      53
      50
      47
      34
      41
      36
      34
      42
      43
      38
      55
      30
      45
      39
      39
      38
      46
      34
      54
      42
      47
      38
      46
      48
      28
      50
      43
      38
      36
      49
      39
      30
      44
      35
      48
      35
      32
      37
      48
      42
      32
      41
      41
      43
      46
      43
      50
      43
      42
      37
      39
      35
      33
      51
      46
      37
      28
      36
      35
      36
      36
      40
      37
      39
      40
      35
      29
      35
      32
      36
      39
      40
      34
      42
      29
      44
      42
      42
      24
      29
      40
      35
      28
      33
      41
      32
      40
      44
      55
      44
      62
      40
      36
      44
      30
      30
      37
      40
      43
      35
      35
      30
      44
      32
      34
      41
      53
      32
      31
      42
      34
      47
      39
      35
      43
      42
      47
      38
      37
      30
      35
      36
      43
      41
      36
      32
      50
      39
      36
      42
      28
      45
      30
      35
      46
      41
      31
      39
      42
      36
      36
      29
      43
      38
      36
      48
      50
      38
      27
      35
      40
      43
      47
      51
      38
      23
      29
      38
      32
      43
      31
      35
      33
      31
      41
      31
      42
      35
      42
      43
      30
      41
      37
      35
      43
      51
      49
      39
      40
      40
      37
      44
      47
      41
      43
      29
      38
      44
      48
      39
      38
      50
      34
      27
      37
      42
      41
      35
      31
      39
      40
      40
      34
      53
      34
      29
      49
      49
      36
      30
      31
      49
      43
      34
      39
      49
      35
      43
      34
      39
      42
      35
      39
      43
      38
      35
      23
      43
      27
      38
      38
      41
      35
      38
      27
      38
      35
      35
      40
      30
      39
      42
      53
      35
      36
      33
      35
      38
      34
      25
      29
      35
      41
      35
      46
      45
      36
      48
      44
      46
      59
      52
      56
      60
      36
      45
      44
      35
      37
      27
      32
      40
      29
      35
      36
      22
      35
      36
      41
      33
      35
      31
      49
      36
      41
      34
      34
      34
      32
      32
      38
      41
      36
      35
      37
      37
      52
      34
      33
      46
      43
      34
      38
      26
      51
      38
      21
      34
      36
      42
      31
      28
      45
      33
      34
      32
      45
      35
      37
      36
      38
      37
      34
      36
      44
      33
      43
      35
      35
      39
      29
      41
      30
      24
      39
      37
      31
      28
      39
      37
      35
      36
      32
      39
      39
      42
      48
      31
      33
      27
      27
      32
      30
      23
      42
      33
      39
      40
      26
      31
      40
      25
      38
      40
      44
      54
      49
      43
      34
      45
      40
      35
      37
      47
      34
      45
      47
      31
      31
      36
      46
      52
      39
      39
      29
      26
      39
      36
      23
      27
      27
      40
      41
      28
      34
      28
      31
      29
      30
      41
      46
      33
      33
      32
      34
      37
      35
      38
      37
      45
      34
      39
      43
      36
      29
      40
      38
      30
      30
      24
      32
      27
      40
      47
      27
      26
      35
      30
      32
      31
      35
      36
      32
      20
      38
      39
      32
      39
      30
      38
      40
      45
      37
      50
      33
      32
      30
      33
      26
      31
      27
      42
      29
      33
      43
      26
      34
      36
      47
      31
      27
      37
      48
      35
      36
      40
      27
      38
      40
      41
      32
      29
      37
      24
      43
      34
      24
      25
      32
      36
      35
      29
      35
      34
      35
      42
      27
      32
      25
      33
      41
      33
      40
      41
      39
      34
      34
      34
      30
      33
      36
      35
      27
      24
      35
      42
      30
      34
      40
      28
      24
      42
      33
      39
      33
      29
      32
      36
      32
      36
      32
      33
      34
      21
      28
      36
      29
      42
      40
      41
      39
      33
      22
      32
      23
      42
      39
      47
      30
      44
      40
      33
      23
      34
      43
      24
      30
      39
      30
      35
      37
      20
      34
      39
      26
      35
      34
      41
      35
      37
      39
      31
      30
      25
      47
      29
      36
      24
      42
      25
      31
      32
      25
      27
      38
      35
      37
      39
      25
      26
      43
      38
      27
      39
      36
      29
      39
      36
      31
      35
      28
      37
      40
      33
      31
      35
      29
      32
      43
      41
      28
      25
      34
      29
      26
      34
      41
      38
      35
      35
      31
      36
      33
      36
      42
      48
      55
      44
      30
      33
      25
      20
      27
      30
      41
      30
      30
      23
      37
      35
      24
      27
      25
      30
      33
      39
      33
      36
      38
      34
      31
      43
      33
      28
      34
      46
      36
      31
      30
      27
      35
      40
      37
      34
      30
      39
      40
      31
      25
      29
      38
      34
      22
      31
      28
      29
      43
      22
      30
      27
      26
      36
      38
      24
      26
      28
      31
      33
      32
      35
      33
      30
      28
      26
      42
      28
      32
      31
      28
      21
      35
      31
      28
      29
      32
      28
      24
      41
      38
      29
      28
      44
      34
      29
      34
      31
      35
      37
      33
      35
      32
      29
      38
      18
      32
      30
      29
      36
      23
      30
      28
      21
      34
      30
      33
      40
      31
      29
      25
      29
      32
      39
      36
      19
      24
      45
      36
      47
      34
      37
      36
      42
      32
      26
      32
      45
      61
      95
      80
      83
      57
      53
      38
      32
      35
      36
      39
      37
      32
      24
      24
      29
      34
      24
      34
      29
      34
      33
      31
      33
      27
      32
      36
      30
      38
      36
      35
      36
      39
      33
      34
      29
      43
      36
      36
      25
      38
      40
      42
      29
      38
      34
      24
      32
      30
      33
      38
      32
      35
      26
      31
      37
      45
      35
      27
      39
      22
      37
      37
      37
      36
      38
      25
      37
      34
      32
      31
      23
      38
      34
      31
      41
      29
      31
      26
      36
      25
      34
      31
      31
      28
      46
      26
      35
      28
      36
      39
      35
      41
      24
      41
      49
      31
      39
      44
      37
      35
      34
      40
      50
      56
      54
      56
      32
      38
      40
      36
      31
      39
      21
      34
      29
      35
      29
      31
      26
      31
      39
      33
      32
      23
      27
      19
      37
      28
      37
      30
      27
      31
      30
      31
      44
      28
      32
      28
      40
      33
      40
      50
      47
      52
      41
      33
      35
      26
      29
      30
      38
      45
      56
      56
      62
      63
      64
      38
      36
      33
      31
      33
      22
      42
      26
      28
      31
      34
      34
      30
      31
      41
      30
      30
      28
      34
      31
      25
      31
      32
      29
      16
      23
      37
      30
      34
      33
      32
      22
      28
      33
      26
      37
      31
      32
      30
      27
      34
      30
      27
      35
      36
      39
      38
      40
      28
      37
      25
      30
      25
      29
      26
      32
      32
      29
      32
      32
      37
      27
      31
      43
      25
      36
      30
      29
      29
      33
      36
      31
      31
      41
      28
      28
      29
      29
      21
      44
      44
      53
      45
      36
      38
      36
      29
      29
      42
      27
      36
      38
      37
      32
      26
      37
      36
      33
      35
      35
      40
      31
      34
      24
      42
      47
      30
      32
      32
      23
      30
      35
      26
      25
      34
      26
      32
      39
      32
      34
      33
      32
      28
      39
      35
      31
      31
      41
      38
      29
      33
      33
      29
      25
      35
      29
      28
      31
      36
      35
      28
      35
      28
      39
      29
      31
      30
      36
      37
      45
      28
      30
      29
      36
      31
      27
      31
      32
      33
      34
      42
      40
      36
      32
      36
      24
      34
      28
      31
      31
      42
      29
      35
      30
      36
      32
      36
      31
      39
      27
      32
      38
      31
      27
      35
      30
      32
      27
      34
      26
      36
      39
      24
      28
      45
      26
      30
      38
      38
      35
      39
      30
      29
      43
      29
      29
      35
      31
      25
      31
      29
      30
      26
      28
      29
      39
      29
      32
      27
      52
      18
      34
      36
      31
      38
      28
      24
      26
      32
      35
      29
      38
      35
      31
      40
      41
      37
      35
      30
      23
      33
      31
      33
      30
      32
      28
      38
      29
      36
      34
      37
      34
      32
      31
      34
      26
      33
      45
      24
      36
      33
      40
      36
      39
      26
      26
      32
      36
      24
      37
      34
      26
      36
      21
      36
      31
      37
      32
      28
      43
      37
      40
      29
      34
      30
      28
      28
      36
      35
      23
      31
      28
      37
      27
      36
      27
      25
      35
      30
      38
      31
      44
      37
      34
      41
      26
      35
      45
      38
      28
      35
      28
      22
      32
      30
      35
      32
      33
      32
      42
      29
      35
      20
      30
      35
      31
      32
      41
      40
      29
      46
      37
      29
      29
      35
      37
      32
      28
      23
      34
      46
      35
      36
      28
      49
      36
      36
      36
      29
      33
      28
      31
      46
      30
      43
      37
      35
      28
      30
      41
      32
      27
      36
      32
      38
      38
      32
      34
      32
      41
      28
      27
      48
      28
      34
      31
      32
      31
      55
      35
      33
      26
      34
      36
      23
      39
      41
      36
      26
      27
      38
      34
      32
      41
      37
      53
      58
      58
      64
      57
      52
      44
      42
      34
      29
      34
      35
      45
      27
      36
      29
      36
      36
      28
      32
      36
      31
      27
      29
      41
      39
      43
      38
      41
      36
      45
      37
      35
      32
      35
      35
      42
      30
      41
      31
      31
      38
      41
      34
      34
      37
      36
      24
      41
      35
      31
      23
      28
      36
      30
      37
      39
      31
      29
      40
      31
      40
      39
      34
      32
      39
      40
      21
      26
      27
      35
      25
      42
      43
      43
      32
      35
      46
      26
      50
      31
      27
      30
      34
      31
      39
      25
      35
      41
      35
      36
      37
      31
      37
      37
      53
      46
      31
      30
      47
      34
      47
      38
      44
      29
      32
      37
      38
      31
      44
      39
      37
      38
      29
      30
      33
      37
      40
      46
      42
      41
      33
      50
      23
      31
      36
      31
      46
      43
      37
      37
      41
      38
      54
      38
      33
      32
      43
      39
      63
      79
     114
     138
     110
      99
      41
      45
      42
      43
      54
      31
      37
      40
      39
      45
      36
      45
      37
      43
      35
      52
      37
      53
      40
      41
      31
      44
      32
      31
      43
      35
      34
      44
      36
      41
      44
      39
      37
      42
      46
      43
      38
      42
      53
      39
      39
      39
      46
      54
      36
      37
      52
      43
      48
      30
      30
      50
      48
      40
      33
      37
      32
      33
      35
      37
      42
      40
      35
      32
      47
      47
      48
      47
      41
      44
      47
      25
      62
      49
      39
      36
      39
      41
      45
      46
      50
      39
      41
      37
      27
      33
      34
      41
      56
      41
      40
      41
      39
      46
      44
      53
      37
      49
      57
      41
      37
      47
      38
      48
      44
      33
      35
      41
      46
      33
      43
      44
      38
      40
      41
      39
      56
      37
      45
      52
      37
      44
      45
      38
      59
      37
      50
      45
      37
      31
      44
      44
      48
      43
      49
      56
      45
      56
      41
      42
      40
      39
      50
      38
      47
      60
      50
      40
      38
      42
      36
      52
      41
      47
      44
      45
      33
      51
      34
      37
      39
      36
      44
      45
      47
      46
      46
      54
      47
      63
      41
      38
      37
      39
      36
      40
      38
      37
      51
      29
      38
      40
      44
      52
      26
      38
      28
      35
      40
      33
      34
      31
      37
      37
      31
      28
      38
      46
      36
      24
      29
      35
      35
      41
      33
      36
      41
      29
      21
      39
      32
      34
      38
      16
      32
      29
      36
      32
      23
      30
      29
      24
      26
      25
      33
      33
      22
      28
      27
      39
      43
      26
      37
      25
      39
      26
      28
      28
      30
      40
      30
      23
      17
      24
      28
      30
      19
      20
      26
      24
      26
      35
      32
      25
      31
      22
      29
      19
      29
      23
      31
      34
      43
      29
      46
      35
      42
      34
      22
      22
      30
      23
      29
      32
      33
      25
      28
      29
      23
      34
      36
      17
      36
      22
      31
      25
      25
      31
      24
      23
      21
      32
      22
      24
      29
      37
      25
      30
      27
      34
      25
      17
      37
      25
      36
      20
      24
      28
      33
      36
      19
      19
      26
      28
      27
      27
      26
      29
      31
      30
      23
      19
      26
      25
      27
      30
      19
      28
      22
      36
      20
      29
      22
      24
      32
      19
      20
      20
      23
      19
      23
      29
      23
      30
      20
      37
      24
      21
      31
      21
      40
      35
      20
      25
      25
      14
      20
      22
      25
      37
      18
      19
      24
      17
      28
      25
      20
      24
      21
      23
      18
      22
      22
      29
      30
      15
      18
      19
      21
      20
      20
      17
      17
      15
      20
      19
      21
      19
      21
      23
      16
      20
      25
      19
      23
      25
      18
      18
      26
      22
      26
      15
      18
      20
      15
      17
      14
      14
      27
      28
      13
      19
      15
      21
      39
      41
      72
      81
      86
      95
      60
      42
      34
      20
      12
      16
      19
      11
      13
      10
      17
      16
      19
      17
      21
      11
      20
       9
      18
      18
      13
      20
      19
      22
      21
      12
      15
      21
      15
      17
      11
      10
      26
      11
      19
      16
      12
       8
      15
      17
      19
      20
      11
      12
      14
       9
       9
      16
      13
      15
      24
      18
      14
      13
      15
      12
      18
      15
      17
       6
      10
      20
      12
      10
      14
       8
      21
      12
      15
      15
      12
      14
       7
      16
      12
       9
      13
      12
      11
      13
      14
      10
      14
      16
      19
      13
      15
      15
      10
      14
      10
       9
      17
      27
      10
      19
      10
      14
      16
      17
       8
      15
      18
       7
      18
      13
      10
      10
      11
      17
      16
       7
      13
      14
      12
      12
      19
      19
      20
      15
      18
      22
      15
       5
      17
       8
      14
      15
       8
      15
      13
      16
      13
      10
      16
       9
       9
      10
       9
       8
      15
      11
      10
       7
      15
      11
       9
       8
      10
      10
      11
      11
      14
      16
      11
      13
       9
      11
      14
      12
      13
       8
      16
      19
       7
      10
      14
      11
       6
       9
       2
      15
      10
      14
      13
      15
       9
      12
      11
      11
       8
      11
      11
      17
      11
       6
      11
       9
      10
      16
      14
      13
       8
       9
      16
      15
      19
      18
      15
      13
      18
      11
      11
      16
       7
       9
       6
       9
      12
      13
       9
       9
      11
       9
      12
       6
       7
      11
      14
       6
      13
       5
      12
      11
      11
      10
      12
      14
       6
       6
      13
      11
       8
      12
       4
       9
      17
      10
      13
      14
      12
      17
      10
      14
      10
      14
      13
      11
       7
      13
      16
      10
      18
       7
      18
       9
      15
       8
      15
      13
      10
      12
      13
      12
      11
      17
      14
      15
       9
      17
      11
      10
      14
       9
       7
      10
      20
      14
      15
      17
      14
      12
      14
      10
       7
      15
       7
      13
      11
      10
      15
      10
      14
       9
      14
      10
      11
      15
      18
      12
      16
      13
      22
       7
      10
      16
      15
      18
      13
      21
       9
      17
      16
      14
       9
      12
      20
      16
      11
      21
      14
      22
      14
      17
      13
      18
      19
      23
      24
      19
      27
      65
     148
     353
     698
    1401
    2111
    2561
    2610
    2176
    1294
     658
     234
      92
      18
      17
       9
       6
       9
       8
       9
       6
       6
       7
       8
       4
       6
       4
       4
       9
       8
      12
      10
       3
       3
       3
       5
       6
       6
       9
       5
       4
       8
       8
       7
       5
       7
       4
       4
       4
      11
       6
       5
       8
       6
       3
       7
       7
       6
       8
      10
       7
       4
       7
       3
       4
       6
       5
       6
       6
       5
       3
       9
       7
       8
       6
      10
       4
       7
       7
       5
       7
       4
       7
       4
      11
      10
       7
       5
       7
       5
       5
       4
       4
       6
       9
       6
       6
      10
       9
       7
       9
       8
       8
      13
       4
       5
       5
      12
       6
       6
       5
       6
       6
      11
       4
      10
       6
       7
       8
       6
       7
       5
       5
       3
       7
       9
      12
       5
       6
       7
       7
       7
       7
      11
      12
      16
       9
       8
       9
      11
       6
       9
      14
       9
      10
       7
       7
       4
       7
       9
       4
       6
       6
       7
       5
       3
       6
       4
       8
       8
       7
      11
       3
       7
       6
       7
       6
       7
       7
       9
       7
       7
       6
      10
       4
      13
       5
       4
       5
       8
       5
       6
      10
      12
      10
       7
       4
       9
       4
       3
       6
       1
       7
       9
       8
       6
       6
       4
       6
       5
       7
       6
       7
       3
       5
       7
       4
       8
       4
       6
       6
       4
       9
       7
       5
       7
       2
       7
       7
       7
      15
       7
      12
       9
       9
       8
      10
      10
       1
       5
       7
       5
       6
       6
       5
       9
       5
       5
       3
       8
       8
       3
       9
       6
       9
       2
       6
       9
       5
      11
       2
       5
       8
       9
       7
       4
       7
       9
       9
       7
       4
       7
       5
       2
       7
       7
       7
       6
       6
       4
       4
       8
       4
       8
       4
       5
       4
       6
       6
       7
       5
       8
       5
       3
       4
       3
       5
       6
       6
       5
       4
       8
       9
       2
       3
       9
       2
       8
       2
       2
       4
       5
       9
       7
       9
       7
       5
      10
       7
       3
       3
       4
       5
       7
       3
       6
       5
       5
       5
       7
       6
       3
       6
       9
       7
       7
       8
       7
       4
       6
       7
      11
       7
       8
       6
       9
       6
       4
       6
       8
       4
       9
      12
      15
       8
      16
      15
       7
       6
       2
       4
       4
      18
      11
      17
      12
      14
      11
      12
       4
       7
       5
       3
       8
       4
       4
       3
       1
       7
       5
       8
       3
       7
       4
       4
       4
       4
       9
       4
       3
       6
       4
       2
       5
       5
       7
       1
       3
       4
      10
       7
       5
       9
       6
       4
       5
       7
       8
       9
       5
       6
       4
       4
       5
       7
       5
      12
       5
       4
       9
       3
       9
       4
       2
       2
       4
       4
       4
       3
       4
       4
       2
       6
       7
       7
       9
      11
      14
       9
       9
       6
       8
       4
       3
       5
       3
       4
       7
       4
       6
       6
       4
       8
       7
       2
       9
       6
       4
       5
       5
       2
       8
       6
      13
      10
       9
      11
       6
       5
      10
       5
       4
       5
       4
       8
       5
      11
       5
       4
       6
       4
       3
       1
       5
       7
       7
       5
       3
       5
       4
       7
       6
       9
       4
       4
       5
       5
       6
       8
       4
       5
       9
       3
       7
       7
       5
       3
       5
       5
       3
       3
      10
       6
       4
       5
       2
       7
       5
       1
       7
       4
       5
       7
       5
       8
       7
       9
       6
       3
       8
       5
       6
       7
       3
       7
       6
       3
       2
       2
       4
       6
       4
       4
       2
       4
       6
      12
      10
       3
       3
      10
       6
       6
       1
       5
       5
       5
       4
       8
       3
       9
       9
       2
       5
       1
       3
       2
       3
       4
       6
       8
       5
       5
       7
       2
       6
       4
       3
       4
       5
       3
       7
       2
       3
       3
       5
       5
       7
       2
       2
       5
       3
       5
      10
      10
       8
      10
       3
       4
       7
       3
       8
       4
       3
       7
      10
       4
       4
       5
       4
       5
       4
       6
      11
       3
       4
       4
       6
       9
       4
       4
       5
       4
       3
       3
       3
       1
       4
       8
       8
       3
       7
       2
       6
       6
       7
       3
       6
       6
       9
       5
       3
       0
       5
       6
       8
       8
       8
       4
       6
       8
       1
       6
       9
       3
       1
       3
       4
       3
       3
       9
       7
       5
       5
       5
       2
       7
       6
       2
       7
       1
       6
       4
       7
       0
       9
       6
       4
       2
       4
       6
       6
       4
       4
       1
       6
       8
       6
       6
       1
       2
       3
       8
       3
       3
       3
       3
       4
       2
       5
       7
       2
       7
       2
       5
       6
       3
       3
       6
       5
       3
       5
       4
       7
       3
       2
       0
       4
      10
       1
       4
       3
       9
       7
       3
       4
       9
      14
      14
      11
       8
       6
       5
       2
       5
       5
       7
       2
       7
       3
       4
       2
       2
       4
       4
       6
       6
       4
       5
       8
       3
       8
       3
       6
       5
       6
       6
       5
       1
       4
       1
       3
       7
      10
       7
       8
       7
       5
       3
       4
      12
       5
       4
       4
       7
       0
       8
       1
       3
       4
       6
       5
       3
       5
       6
       8
       4
       2
       3
      12
       2
       5
       4
       8
       4
       6
       3
       4
       7
       4
       6
       3
       4
      10
       7
       3
       4
       6
       7
       5
       5
       8
       8
       7
      13
      10
      14
      27
      37
      34
      46
      29
      19
      16
       9
       9
       2
       2
       7
       6
       2
       3
       3
       1
      10
       5
       6
       4
       3
       2
       4
       5
       7
       8
       3
       5
       4
       1
       2
       2
       4
       4
       6
       5
       5
       5
       3
       5
       5
       4
       3
       6
       7
       5
       4
       2
       5
       1
       8
       6
       4
       7
       1
       1
       2
       4
       8
       6
       4
       4
       6
       4
       3
       4
       3
       2
       3
      10
       7
       6
       4
       5
       2
       4
       2
       4
       1
       4
       2
       4
       6
       2
       4
       5
       3
       5
       4
       7
       2
       6
       4
       5
       4
       1
       3
       5
       5
       5
       2
       8
       0
       2
       7
       4
       4
       5
       3
       4
       2
       3
       5
       4
       2
       6
       9
       4
       5
       2
       3
       6
       2
       6
       8
       0
       9
       4
       7
       3
       7
       1
       4
       7
       7
       5
       9
       7
       4
       6
       3
       4
       5
       4
       1
       6
       4
       6
       5
       2
       4
       2
       5
       5
       5
       5
       5
       3
       6
       3
       2
       2
       3
       4
       2
       5
       6
       3
       7
       9
       7
       1
       6
       3
       6
       3
       5
       5
       5
       8
       9
       2
       4
       7
       3
       4
       3
       2
       5
       9
       2
       3
       5
       4
       3
       4
       4
       6
       2
       3
       8
       8
       2
       2
       3
       4
       2
       1
       4
       4
       3
       6
       4
       4
       4
       6
       5
       9
      11
       3
      14
       7
      13
       5
       8
       5
       8
      10
       5
       2
       3
       1
       6
       2
       5
       7
       4
       4
       4
       5
       3
       7
       7
       2
       4
       4
       2
       8
       5
       1
       3
       8
       5
       1
       3
      10
       8
       0
       4
       8
       2
       3
       4
       4
       6
       7
       6
       7
       7
       3
       3
       4
       3
       4
       5
       4
       4
       4
       4
       5
       4
       5
       8
       7
       5
       0
       6
       3
       6
       5
       6
       4
       5
       3
       5
       5
       1
       9
       6
       3
       2
       5
       2
       4
       3
       3
       4
       5
       7
       1
       5
       2
       3
       6
       3
       5
       4
       4
       2
       7
       3
       2
       4
       4
       7
       8
       4
       0
       5
       8
       1
       1
       6
       8
       2
       4
       5
       7
       4
       3
       8
       2
       1
       5
       5
       5
       4
       3
       2
       3
       2
       7
       9
       1
       3
       2
       3
       5
       5
       9
       5
       6
       3
       2
       7
      10
       6
       4
       3
       4
       5
       8
       5
       5
       1
       2
       4
       4
       5
       3
       2
       5
       5
       4
       6
       4
       2
       5
       2
       6
       6
       2
       4
       3
       5
       3
       5
       4
       7
       3
       7
       7
       6
       4
       7
       5
       4
       5
       3
       3
       8
       7
       2
       2
       8
       3
       5
       5
       3
       6
       3
       2
       1
       3
       1
       3
       3
       7
       4
       1
       3
       3
       5
       5
       3
       6
       2
       5
       1
       2
       5
       2
      12
       2
       4
       3
       2
       2
       2
       3
       4
       8
       4
       4
       7
       4
       4
       4
       3
       4
       4
       6
       2
       6
       2
       4
       5
       8
       2
       5
       6
       4
       6
       6
       7
       2
       7
       3
       2
       4
       2
       4
       6
       4
       4
       4
       0
       7
       6
       4
       3
       3
       0
       2
       2
       3
       4
       5
       5
       4
       3
       1
       4
       3
       4
       5
       3
       7
       2
       6
       4
       3
       1
       6
       5
       8
       2
       5
       5
       2
       3
       4
       4
       2
       1
       6
       6
       1
       5
       6
       4
       5
       1
       4
       5
       5
       5
       4
      13
       2
       6
       3
       3
       5
       2
       1
       5
       6
       4
       3
       7
       7
       4
       2
       1
       4
       5
       4
       4
       4
       2
       5
       4
       4
       5
       4
       5
       1
       7
       2
       2
       4
       1
       4
       8
       5
       3
       4
       3
       2
       2
       5
       3
       0
       4
       9
       5
       5
       7
       9
       5
       4
       5
       5
       6
       9
       3
       1
       6
       2
       5
       2
       6
       3
       5
       4
       4
       6
       6
       6
       2
       3
       4
       3
       4
       3
       2
       6
       4
       3
       2
       4
       1
       4
       6
       2
       3
       3
       1
       1
       4
       4
       5
       3
       3
       3
       6
       4
       8
       4
       7
       4
       2
       2
       1
       3
       3
       3
       2
       7
       4
       6
       3
       2
       2
       3
       7
       5
       6
       1
       4
       3
       3
       3
       5
       8
       4
       4
       4
       4
       6
       5
       4
       3
       2
       2
       4
       3
       2
       2
       1
       0
       6
       4
       1
       1
       5
       2
       7
       2
       2
       3
       3
       1
       3
       4
       6
       4
       4
       3
       6
       4
       2
       4
       4
       5
       1
       3
       5
       3
       2
       3
       6
       3
       5
       1
       1
       4
       3
       4
       4
       3
       5
       5
       4
       3
       4
       6
       3
       5
       2
       1
       7
       3
       2
       6
       4
       4
       4
       5
       5
       1
       6
       5
       5
       2
       2
       4
       0
       2
       3
       7
       1
       4
       8
       1
       3
       4
      11
       6
       4
       5
       1
       4
       2
       3
       0
       3
       2
       4
       6
       1
       1
       3
       4
       3
       4
       4
       4
       6
       3
       2
       2
       1
       5
       4
       5
       1
       6
       3
       2
       1
       6
       4
       3
       6
       4
       6
       4
       3
       4
       3
       4
       5
       2
       1
       0
       5
       6
       5
       0
       2
       6
       6
       2
       5
       6
       4
       4
       4
       2
       3
       5
       5
       4
       7
       3
       6
       5
       3
       3
       2
       6
       6
       4
       1
       4
       0
       8
       3
       6
       5
       5
       1
       4
       6
       2
       3
       5
       3
       5
       3
       2
       3
       4
       1
       3
       7
       2
       2
       7
       4
       2
       1
       5
       4
       5
       2
       3
       3
       4
       2
       2
       3
       4
       6
       3
       9
       2
       3
       8
       5
       2
       2
       5
       0
       2
       2
       3
       7
       7
       6
       7
      12
       4
      10
       8
      11
       5
      11
       9
       6
       5
       5
       5
       6
       5
       2
       5
       5
       4
       5
       2
       4
       3
       2
       6
       4
       5
       2
       3
       4
       4
       4
       4
       3
       2
       7
       1
       3
       5
       4
       2
       8
       7
       6
       2
       9
       4
       6
       3
       8
       2
       1
       6
       4
       2
       5
       2
       2
       4
       4
       3
       3
       2
       6
       3
       3
       2
       4
       3
       0
       1
       5
       2
       3
       6
       2
       4
       4
       5
       3
       6
       1
       1
       5
       5
       3
       4
       3
       5
       7
       0
       0
       4
       1
       2
       2
       7
       6
       3
       2
       4
       1
       1
       4
       1
       3
       2
       3
       5
       2
       4
       7
       3
       7
       3
       4
       4
       5
       4
       5
       4
       1
       3
       4
       3
       3
       2
       1
       5
       2
       5
       2
       5
       2
       5
       4
       4
       6
       1
       4
       6
       3
       4
       4
       5
       3
       6
       2
       5
       2
       3
       5
       1
       3
       4
       3
       1
       2
       4
       4
       2
       3
       2
       1
       4
       5
       1
       1
       3
       2
       3
       6
       3
       2
       5
       1
       6
       1
       4
       2
       1
       4
       2
       4
       4
       8
       4
       2
       2
       8
       7
       4
       2
       5
       1
       0
       0
       1
       1
       5
       3
       1
       5
       2
       2
       5
       3
       4
       3
       1
       6
       3
       4
       1
       3
       4
       4
       2
       3
       4
       5
       2
       5
       7
       4
       3
       1
       3
       3
       1
       1
       3
       2
       3
       3
       1
       2
       3
       2
       3
       7
       2
       4
       2
       2
       3
       4
       1
       9
       6
       2
       4
       4
       1
      11
       2
       3
       3
       4
       2
       3
       1
       5
       5
       5
       2
       6
       4
       9
       9
      15
      12
      17
       8
      10
       7
       8
       3
       5
       2
       2
       5
       4
       3
       3
       1
       5
       4
       3
       0
       2
       6
       2
       2
       5
       6
       4
       3
       4
      11
       6
       2
       2
       3
       4
       3
       3
       3
       5
       6
       4
       3
       4
       1
       7
       3
       3
       3
       4
       2
       5
       3
       3
       2
       7
       3
       7
       4
       2
       2
       1
       6
       2
       3
       3
       1
       3
       1
       0
       2
       2
       4
       3
       3
       4
       3
       7
       1
       1
       7
       2
       0
       3
       1
       3
       4
       2
       2
       3
       2
       4
       4
       4
       4
       3
       3
       3
       4
       3
       4
       4
       3
       4
       2
       5
       1
       0
       6
       4
       2
       2
       4
       6
       3
       5
       5
       6
       2
       2
       6
       3
       5
       2
       3
       4
       3
       3
       4
       2
       1
       3
       1
       1
       1
       3
       8
       5
       2
       3
       7
       4
       3
       0
       4
       4
       4
       2
       3
       4
       3
       6
       0
       1
       1
       3
       4
       2
       4
       0
       4
       1
       6
       0
       5
       4
       3
       2
       6
       3
       3
       3
       1
       3
       3
       3
       4
       5
       3
       3
       2
       3
       2
       4
       1
       3
       1
       4
       5
       5
       2
       5
       4
       2
       3
       2
       5
       6
       6
       4
       1
       3
       3
      12
       4
       2
       5
       4
       3
       4
       3
       6
       7
       3
       2
       4
       3
       4
       2
       4
       4
       5
       4
       7
       4
       0
       4
       6
       2
       7
       5
       1
       6
       4
       1
       5
       3
       4
       4
       6
       5
       2
       3
       5
       3
       2
       3
       1
       4
       5
       4
       1
       4
       2
       1
       6
       5
       3
       4
       0
       4
       2
       2
       3
       2
       3
       7
       4
       5
       4
       4
       3
       4
       2
       5
       3
       5
       1
       2
       4
       2
       1
       9
       6
       4
       6
       6
       6
       2
       3
       4
       4
       7
       4
       7
       4
       0
       4
       5
       3
       2
       3
       4
       3
       5
       6
       3
       8
       5
       1
       3
       4
       4
       5
       2
       6
       3
       6
       5
       1
       3
       3
       2
       5
       2
       1
       4
       5
       6
       5
       2
       1
       5
       1
       4
       2
       5
       5
       3
       2
       2
       4
       3
       2
       6
       2
       3
       4
       6
       2
       0
       6
       4
       3
       2
       6
       2
       5
       1
       1
       2
       0
       2
       3
       2
       6
       1
       2
       3
       3
       5
       5
       5
       1
       7
       1
       1
       0
       4
       6
       4
       7
       1
       5
       5
       4
       3
       3
       1
       5
       5
       4
       3
       4
       1
       2
       2
       4
       6
       5
       3
       2
       4
       2
       6
       0
       2
       6
       2
       4
       5
       5
       6
       0
       4
       1
       2
       7
       1
       3
       4
       2
       8
       2
       1
       7
       2
       4
       2
       3
       5
       5
       5
       3
       5
       3
       3
       5
       2
       3
       6
       1
       3
       2
       3
       4
       2
       2
       2
       4
       2
       1
       4
       2
       3
       2
       3
       1
       2
       6
       1
       2
       5
       3
       2
       0
       2
       5
       4
       2
       2
       2
       5
       4
       3
       6
       3
       3
       4
       8
       2
       3
       3
       3
       2
       5
       2
       2
       0
       1
       2
       6
       5
       1
       2
       2
       5
       4
       2
       1
       4
       2
       3
       1
       2
       4
       3
       3
       5
       1
       2
       7
       1
       2
       2
       3
       2
       3
       3
       5
       3
       1
       2
       3
       5
       1
       3
       6
       1
       3
       1
       3
       1
       1
       1
       2
       5
       3
       1
       4
       1
       2
       0
       3
       3
       3
       5
       6
       5
       7
       3
       1
       5
       4
       2
       1
       1
       2
       4
       2
       1
       3
       3
       3
       1
       4
       2
       4
       4
       2
       2
       3
       4
       4
       2
       1
       2
       0
       4
       4
       4
       5
       4
       5
       2
       4
       0
       4
       1
       3
       7
       2
       2
       1
       2
       3
       2
       0
       3
       0
       2
       1
       2
       3
       3
       3
       5
       5
       3
       6
       1
       5
       2
       2
       2
       2
       3
       1
       2
       5
       3
       1
       1
       2
       1
       0
       3
       1
       2
       2
       4
       3
       5
       4
       4
       3
       4
       0
       0
       2
       3
       2
       8
       2
       3
      15
       6
       5
       3
       3
       5
       3
       5
       1
       6
       2
       2
       2
       2
       6
       2
       2
       2
       6
       0
       2
       3
       1
       3
       0
       3
       2
       2
       3
       5
       2
       1
       4
       3
       3
       2
       2
       1
       1
       1
       2
       1
       2
       1
       4
       0
       4
       2
       1
       2
       2
       3
       1
       3
       5
       5
       2
       3
       2
       3
       0
       2
       2
       4
       0
       1
       4
       4
       1
       3
       3
       1
       5
       1
       2
       3
       1
       2
       0
       3
       2
       1
       4
       2
       0
       2
       2
       3
       0
       3
       3
       1
       1
       3
       0
       2
       2
       1
       2
       4
       1
       4
       1
       3
       3
       2
       3
       2
       7
       5
       1
       1
       2
       3
       2
       0
       2
       5
       2
       4
       4
       2
       4
       1
       1
       3
       0
       1
       2
       0
       6
       4
       1
       3
       3
       1
       5
       1
       4
       3
       3
       1
       3
       4
       2
       6
       4
       3
       3
       3
       2
       4
       2
       3
       2
       2
       3
       0
       1
       1
       2
       5
       2
       2
       2
       3
       0
       1
       2
       1
       2
       1
       0
       3
       1
       1
       3
       2
       4
       2
       0
       1
       2
       1
       2
       2
       2
       2
       2
       1
       1
       0
       1
       3
       2
       1
       0
       2
       2
       1
       2
       3
       4
       1
       4
       4
       1
       1
       0
       0
       2
       3
       3
       1
       1
       3
       2
       1
       5
       1
       1
       0
       0
       3
       1
       2
       7
       2
       5
       3
       1
       5
       1
       2
       2
       3
       1
       3
       4
       1
       3
       3
       1
       0
       4
       4
       1
       1
       2
       2
       1
       3
       1
       3
       1
       1
       3
       2
       0
       1
       1
       1
       1
       2
       0
       4
       1
       3
       1
       3
       1
       2
       3
       2
       4
       4
       2
       3
       2
       3
       1
       2
       2
       0
       1
       3
       0
       1
       2
       0
       2
       0
       2
       2
       2
       1
       3
       3
       2
       2
       1
       3
       4
       3
       0
       0
       0
       2
       1
       1
       1
       2
       2
       2
       3
       1
       3
       4
       2
       0
       1
       4
       0
       2
       2
       4
       0
       5
       0
       2
       2
       4
       1
       3
       0
       0
       1
       0
       5
       1
       3
       1
       3
       2
       2
       1
       2
       3
       1
       3
       0
       2
       3
       1
       0
       2
       2
       1
       3
       3
       4
       2
       2
       0
       0
       4
       1
       0
       1
       1
       1
       0
       3
       3
       4
       0
       4
       1
       3
       1
       2
       2
       1
       4
       3
       3
       2
       2
       3
       6
       4
       1
       2
       2
       1
       3
       4
       1
       2
       7
       2
       1
       0
       3
       2
       1
       2
       1
       2
       3
       2
       1
       3
       3
       2
       5
       3
       1
       1
       4
       0
       1
       1
       2
       1
       3
       2
       0
       2
       1
       3
       1
       2
       1
       6
       5
       8
      22
      24
      25
      54
      49
      69
      67
      72
      57
      39
      27
      15
      12
       7
       3
       4
       2
       5
       2
       0
       2
       2
       3
       1
       0
       1
       0
       2
       1
       1
       0
       1
       2
       3
       0
       3
       0
       0
       1
       0
       0
       2
       1
       3
       2
       0
       0
       1
       2
       4
       2
       0
       2
       4
       1
       2
       1
       0
       0
       1
       0
       0
       1
       1
       1
       4
       1
       2
       2
       1
       1
       1
       0
       1
       0
       1
       3
       1
       1
       0
       3
       2
       2
       1
       2
       2
       2
       3
       0
       0
       1
       1
       2
       4
       0
       3
       1
       3
       2
       0
       0
       1
       1
       1
       0
       3
       3
       1
       2
       1
       3
       0
       3
       3
       1
       5
       1
       2
       2
       2
       1
       1
       2
       0
       1
       1
       3
       4
       3
       2
       1
       0
       1
       1
       4
       3
       2
       1
       3
       3
       0
       3
       3
       3
       1
       3
       1
       1
       0
       1
       2
       2
       2
       1
       3
       3
       2
       1
       0
       1
       0
       1
       1
       1
       0
       1
       5
       4
       0
       0
       2
       3
       2
       2
       2
       0
       4
       2
       2
       2
       3
       2
       2
       2
       0
       0
       2
       4
       0
       0
       0
       3
       1
       4
       1
       0
       0
       2
       1
       0
       2
       1
       1
       1
       1
       3
       2
       0
       3
       2
       0
       0
       2
       2
       1
       1
       0
       0
       2
       2
       1
       2
       3
       2
       0
       2
       1
       0
       3
       0
       2
       2
       0
       1
       1
       3
       1
       3
       0
       2
       2
       2
       1
       0
       2
       0
       3
       2
       2
       1
       2
       1
       0
       6
       0
       1
       0
       0
       0
       1
       1
       1
       2
       1
       0
       0
       1
       0
       2
       1
       3
       4
       1
       1
       3
       3
       0
       1
       2
       4
       5
       1
       1
       1
       2
       2
       3
       0
       0
       4
       0
       8
       0
       1
       5
       0
       2
       2
       1
       1
       1
       1
       2
       0
       1
       1
       1
       1
       2
       0
       4
       1
       1
       4
       1
       1
       0
       1
       3
       2
       4
       1
       3
       4
       2
       2
       0
       2
       0
       2
       1
       2
       0
       0
       1
       1
       0
       1
       1
       0
       1
       0
       0
       0
       1
       1
       0
       0
       1
       1
       0
       2
       3
       3
       5
       1
       0
       2
       1
       3
       0
       1
       0
       1
       1
       1
       7
       0
       0
       1
       0
       2
       3
       1
       1
       0
       1
       2
       2
       4
       0
       1
       0
       2
       1
       1
       1
       1
       2
       1
       3
       1
       1
       0
       0
       0
       4
       1
       0
       3
       2
       3
       2
       1
       2
       1
       0
       2
       1
       2
       4
       1
       0
       2
       1
       0
       1
       0
       3
       1
       0
       5
       3
       2
       1
       1
       2
       3
       1
       0
       1
       3
       0
       1
       4
       2
       5
       3
       3
       0
       2
       1
       4
       0
       3
       1
       2
       1
       2
       2
       1
       1
       2
       2
       4
       0
       0
       1
       0
       2
       0
       2
       0
       5
       2
       5
       1
       3
       0
       1
       3
       2
       1
       2
       5
       1
       2
       1
       3
       1
       3
       3
       0
       1
       2
       1
       3
       2
       3
       3
       0
       2
       0
       3
       1
       0
       3
       1
       2
       0
       3
       1
       3
       3
       0
       1
       3
       3
       1
       1
       0
       0
       0
       1
       0
       2
       3
       1
       1
       1
       0
       2
       2
       2
       1
       2
       1
       2
       2
       3
       2
       0
       2
       1
       1
       3
       2
       1
       1
       0
       1
       2
       0
       3
       2
       2
       0
       1
       2
       1
       0
       2
       2
       1
       2
       2
       1
       2
       1
       0
       1
       0
       1
       3
       1
       0
       1
       1
       2
       1
       2
       1
       1
       2
       1
       1
       0
       2
       2
       0
       1
       1
       2
       2
       0
       1
       0
       0
       1
       3
       1
       1
       0
       2
       1
       3
       0
       3
       2
       3
       0
       0
       2
       2
       4
       0
       3
       1
       1
       1
       0
       0
       1
       0
       4
       2
       1
       4
       1
       0
       0
       2
       0
       3
       0
       2
       1
       0
       4
       1
       1
       0
       1
       1
       0
       2
       0
       0
       1
       0
       1
       0
       3
       1
       1
       0
       1
       0
       2
       2
       0
       0
       2
       0
       4
       0
       1
       2
       0
       1
       1
       0
       3
       1
       1
       0
       2
       0
       1
       1
       0
       2
       2
       4
       3
       1
       1
       1
       3
       1
       0
       0
       3
       0
       2
       0
       1
       3
       0
       2
       2
       1
       1
       1
       1
       1
       2
       1
       0
       2
       2
       3
       1
       0
       1
       1
       1
       3
       0
       2
       1
       3
       1
       2
       2
       1
       0
       0
       0
       2
       1
       1
       0
       4
       2
       0
       4
       1
       2
       2
       0
       4
       2
       0
       1
       0
       2
       2
       0
       0
       1
       1
       1
       1
       1
       1
       3
       4
       0
       2
       3
       0
       1
       0
       0
       1
       1
       0
       1
       1
       1
       2
       1
       0
       0
       2
       1
       2
       3
       0
       1
       4
       2
       1
       1
       3
       1
       0
       1
       1
       2
       0
       2
       0
       1
       0
       2
       2
       3
       4
       1
       2
       0
       0
       0
       1
       2
       0
       0
       2
       0
       0
       4
       1
       2
       2
       3
       1
       0
       1
       2
       2
       2
       2
       1
       1
       0
       2
       4
       2
       1
       2
       0
       1
       2
       1
       1
       0
       1
       0
       3
       1
       2
       2
       3
       3
       2
       0
       3
       2
       2
       1
       2
       2
       0
       1
       2
       2
       1
       2
       1
       3
       5
       2
       2
       0
       0
       2
       2
       1
       1
       2
       2
       2
       2
       0
       1
       1
       0
       1
       1
       2
       1
       1
       1
       0
       1
       0
       2
       1
       1
       2
       3
       2
       3
       2
       0
       3
       5
       2
       1
       2
       1
       1
       0
       1
       1
       5
       1
       0
       0
       1
       2
       1
       2
       2
       0
       1
       1
       1
       1
       1
       0
       0
       1
       2
       4
       4
       0
       2
       1
       2
       1
       1
       1
       0
       1
       2
       1
       1
       1
       1
       4
       0
       2
       0
       0
       1
       2
       3
       0
       0
       0
       2
       0
       1
       2
       1
       1
       2
       2
       0
       0
       2
       1
       1
       1
       0
       3
       1
       3
       2
       0
       3
       0
       1
       2
       1
       1
       1
       1
       0
       1
       2
       0
       2
       3
       1
       1
       1
       1
       1
       1
       1
       2
       0
       2
       0
       3
       0
       1
       1
       0
       2
       2
       0
       1
       2
       0
       0
       1
       0
       1
       1
       0
       1
       1
       2
       4
       1
       1
       0
       3
       0
       2
       1
       0
       0
       4
       1
       1
       2
       1
       1
       1
       3
       2
       1
       1
       2
       1
       2
       1
       1
       2
       2
       1
       1
       0
       1
       0
       2
       0
       3
       1
       0
       1
       0
       1
       4
       1
       3
       1
       5
       1
       1
       0
       1
       1
       1
       2
       0
       1
       1
       2
       0
       2
       1
       0
       1
       1
       0
       4
       0
       1
       2
       0
       3
       0
       0
       1
       4
       3
       3
       0
       1
       2
       1
       2
       1
       1
       1
       2
       0
       2
       1
       1
       0
       1
       0
       0
       1
       0
       0
       3
       4
       4
       1
       2
       2
       1
       2
       2
       1
       0
       1
       2
       0
       1
       3
       1
       4
       2
       1
       0
       1
       1
       1
       3
       1
       0
       1
       2
       1
       2
       2
       3
       0
       0
       1
       0
       2
       0
       1
       2
       1
       4
       3
       0
       2
       1
       3
       1
       1
       2
       2
       1
       0
       0
       0
       0
       0
       0
       0
       0
       0
       0
       0
       0
       0
       0
       0
       0
       0
       0
       0
       0
       0
       0
       0
       0
       0
       0
       0
       0
       0
       0
       0
       0
       0
       0
       0
       0
       0
       0
       0
       0
       0
       0
       0
       0
       0
       0
       0
       0
       0
       0
       0
       0
       0
       0
       0
       0
       0
       0
       0
       0
       0
       0
       0
       0
       0
       0
       0
       0
       0
       0
       0
       0
       0
       0
       0
       0
       0
       0
       0
       0
       0
       0
       0
       0
       0
       0
       0
       0
       0
       0
       0
       0
       0
       0
       0
       0
       0
       0
       0
       0
       0
       0
       0
       0
       0
       0
       0
       0
       0
       0
       0
       0
       0
       0
       0
       0
       0
       0
       0
       0
       0
       0
       0
       0
       0
       0
       0
       0
$ROI:
48
177 185
241 249
258 266
467 476
487 496
507 516
605 614
625 634
653 662
741 755
774 788
803 817
844 858
889 903
923 937
956 970
1505 1518
1534 1547
1568 1584
1605 1621
1639 1655
1706 1720
1742 1756
1780 1794
2363 2378
2401 2416
2435 2450
2519 2532
2556 2570
2587 2601
2914 2927
2956 2969
2992 3004
3048 3068
3093 3113
3137 3157
3489 3502
3518 3531
3548 3561
3799 3821
3853 3875
3904 3926
4606 4625
4654 4675
4707 4727
6842 6868
6899 6925
6954 6980
$PRESETS:
None
0
0
$ENER_FIT:
0.200042 0.378074
$MCA_CAL:
3
2.000416E-001 3.780739E-001 1.596453E-008 keV
$SHAPE_CAL:
3
2.091645E+000 1.039361E-003 -4.171630E-008
