$SPEC_ID:
No sample description was entered.
$SPEC_REM:
DET# 1
DETDESC# BETA MCB 129 Input 1
AP# GammaVision Version 6.09
$DATE_MEA:
04/17/2014 12:38:44
$MEAS_TIM:
83521 83603
$DATA:
0 8191
       0
       0
       0
       0
       0
       0
       0
       0
       0
       0
       0
       0
       0
       0
       0
       0
       0
       0
       0
       0
       0
       0
       0
       0
       0
       0
       0
       0
       0
       0
       0
       0
       0
       0
       0
       0
       0
       0
       0
       0
       0
       0
      38
      36
      32
     239
     524
     656
     879
    1247
    1594
    1955
    1923
    1878
    1751
    1527
    1558
    1488
    1550
    1565
    1534
    1517
    1559
    1513
    1499
    1480
    1377
    1372
    1431
    1436
    1414
    1365
    1280
    1337
    1347
    1353
    1346
    1286
    1271
    1300
    1286
    1266
    1244
    1290
    1283
    1245
    1232
    1202
    1282
    1286
    1258
    1173
    1255
    1247
    1203
    1226
    1174
    1240
    1246
    1190
    1241
    1203
    1216
    1143
    1179
    1225
    1242
    1213
    1186
    1145
    1137
    1152
    1166
    1200
    1173
    1197
    1181
    1188
    1201
    1138
    1161
    1246
    1242
    1266
    1133
    1170
    1170
    1196
    1104
    1207
    1118
    1180
    1191
    1189
    1150
    1173
    1170
    1108
    1235
    1132
    1255
    1266
    1178
    1170
    1151
    1251
    1267
    1232
    1272
    1173
    1241
    1238
    1307
    1279
    1292
    1389
    1372
    1393
    1451
    1363
    1383
    1447
    1466
    1427
    1449
    1590
    1919
    2138
    1837
    1436
    1492
    1472
    1531
    1575
    1498
    1467
    1592
    1616
    1590
    1579
    1604
    1559
    1582
    1618
    1644
    1666
    1723
    1747
    1684
    1751
    1754
    1935
    2085
    1949
    1897
    2140
    3201
    4696
    4189
    2491
    1912
    2150
    3773
    6401
    5673
    2783
    1647
    1605
    1601
    1688
    1639
    1540
    1516
    1707
    1692
    1688
    1570
    1491
    1507
    1564
    1810
    2142
    2174
    2115
    1851
    1690
    1555
    1760
    2074
    2767
    3409
    3170
    2044
    1566
    1672
    1713
    2203
    2761
    2586
    1840
    1609
    1615
    1747
    2528
    3345
    3529
    3068
    2434
    1760
    1606
    1631
    1502
    1463
    1423
    1360
    1352
    1408
    1493
    1495
    1465
    1484
    1584
    1652
    1763
    1494
    1470
    1385
    1466
    1336
    1358
    1472
    1448
    1407
    1436
    1513
    1420
    1576
    1631
    1783
    1739
    1530
    1378
    1432
    1343
    1446
    1478
    1507
    1621
    1635
    1559
    1449
    1431
    1470
    1433
    1432
    1404
    1493
    1609
    1560
    1503
    1430
    1452
    1418
    1569
    1692
    1613
    1464
    1491
    1425
    1452
    1442
    1437
    1354
    1416
    1397
    1412
    1380
    1463
    1368
    1454
    1447
    1417
    1423
    1497
    1423
    1457
    1458
    1499
    1493
    1543
    1539
    1499
    1518
    1487
    1410
    1513
    1535
    1471
    1565
    1691
    2081
    2296
    1976
    1609
    1582
    1477
    1548
    1564
    1455
    1505
    1525
    1547
    1429
    1458
    1488
    1513
    1440
    1392
    1551
    1403
    1502
    1466
    1497
    1431
    1498
    1470
    1395
    1456
    1409
    1505
    1501
    1484
    1507
    1466
    1495
    1409
    1448
    1509
    1533
    1704
    1712
    1678
    1481
    1452
    1434
    1417
    1474
    1466
    1379
    1412
    1426
    1433
    1411
    1396
    1453
    1414
    1367
    1480
    1393
    1432
    1444
    1373
    1351
    1355
    1416
    1523
    1660
    1813
    1577
    1400
    1398
    1358
    1341
    1298
    1375
    1313
    1278
    1335
    1361
    1363
    1316
    1342
    1271
    1350
    1269
    1274
    1281
    1342
    1272
    1274
    1298
    1397
    1328
    1277
    1205
    1285
    1323
    1258
    1275
    1252
    1263
    1262
    1281
    1284
    1227
    1192
    1250
    1210
    1234
    1194
    1314
    1205
    1216
    1175
    1184
    1193
    1121
    1230
    1198
    1172
    1212
    1230
    1142
    1217
    1195
    1177
    1167
    1226
    1156
    1225
    1211
    1177
    1150
    1231
    1214
    1244
    1155
    1196
    1198
    1139
    1247
    1212
    1261
    1200
    1251
    1241
    1201
    1134
    1257
    1869
    2895
    3845
    3344
    2244
    1382
    1205
    1082
    1147
    1147
    1141
    1161
    1172
    1115
    1108
    1088
    1119
    1160
    1120
    1086
    1130
    1103
    1094
    1070
    1112
    1112
    1050
    1072
    1115
    1093
    1126
    1076
    1068
    1064
    1057
    1106
    1103
    1190
    1244
    1116
    1024
    1039
    1076
    1022
    1109
    1097
    1079
    1069
    1032
    1031
    1093
    1122
    1164
    1155
    1215
    1083
    1075
    1052
    1003
    1048
    1048
    1129
    1327
    2062
    2405
    1779
    1228
    1049
    1005
     992
    1018
    1010
     969
    1027
    1020
    1003
     993
     979
    1003
    1006
    1026
    1100
    1103
    1019
     990
     948
    1052
     954
     981
    1042
    1000
    1021
     953
    1060
    1055
    1026
    1004
     988
     958
     992
     983
    1024
     986
    1005
     984
     933
     973
    1027
     963
    1018
     990
     969
    1050
     970
     967
     950
    1029
     964
    1026
     908
    1012
     984
     979
     956
     966
     999
    1016
    1006
    1032
     986
     995
     989
    1042
    1045
    1187
    1132
    1068
     945
    1158
    2366
    7298
   14393
   14217
    6905
    2040
    1059
    1237
    2023
    2374
    2547
    2834
    2611
    1514
     934
     767
     743
     777
     763
     755
     763
     781
     747
     706
     775
     722
     691
     770
     738
     750
     713
     753
     739
     731
     784
     715
     707
     736
     807
     824
     778
     801
     731
     762
     699
     729
     681
     742
     830
     819
     778
     690
     697
     673
     766
     849
     878
     783
     724
     731
     652
     681
     665
     672
     680
     663
     667
     650
     644
     670
     665
     672
     635
     642
     675
     666
     623
     663
     707
     710
     661
     689
     704
     891
    1082
    1454
    1668
    1432
     936
     911
     703
     637
     638
     643
     677
     658
     672
     701
     691
     697
     637
     644
     677
     791
    1063
    1234
     993
     709
     638
     715
     665
     639
     619
     616
     632
     588
     572
     626
     622
     588
     607
     623
     578
     641
     580
     569
     609
     602
     600
     572
     571
     616
     644
     673
     676
     589
     573
     609
     598
     577
     596
     564
     619
     612
     556
     601
     571
     610
     565
     728
    1672
    3518
    5206
    3999
    1749
     780
     556
     542
     542
     508
     583
     523
     595
     772
    1187
    1454
    1208
     737
     564
     536
     521
     522
     514
     528
     518
     534
     536
     524
     503
     537
     510
     469
     544
     525
     523
     518
     450
     522
     524
     490
     502
     533
     525
     520
     463
     488
     551
     522
     507
     495
     516
     514
     555
     518
     548
     481
     462
     470
     493
     505
     484
     452
     501
     490
     509
     497
     479
     455
     512
     531
     520
     490
     525
     553
     462
     488
     453
     555
     522
     512
     438
     483
     511
     496
     465
     504
     571
     735
    1138
    1175
     893
     588
     453
     494
     535
     531
     457
     453
     476
     507
     550
     554
     540
     492
     482
     478
     534
     464
     484
     483
     429
     462
     500
     658
    1219
    2600
    3380
    2529
    1196
     541
     448
     472
     524
     551
     536
     443
     460
     451
     452
     447
     432
     429
     484
     462
     429
     441
     471
     424
     474
     423
     456
     450
     427
     480
     441
     433
     488
     505
     560
    1103
    2808
    6188
    8093
    5730
    2296
     744
     429
     357
     397
     407
     343
     389
     387
     387
     388
     416
     361
     386
     394
     386
     369
     393
     400
     366
     389
     371
     388
     448
     411
     392
     416
     413
     378
     401
     396
     351
     378
     405
     377
     379
     385
     380
     412
     392
     397
     352
     391
     360
     390
     421
     391
     408
     346
     351
     386
     341
     384
     356
     384
     365
     357
     355
     419
     380
     396
     366
     369
     384
     378
     361
     401
     377
     400
     379
     373
     369
     391
     369
     389
     345
     383
     345
     356
     374
     398
     393
     388
     378
     375
     351
     411
     368
     394
     363
     422
     391
     397
     392
     432
     426
     454
     411
     401
     374
     364
     371
     335
     383
     351
     375
     366
     372
     381
     392
     372
     371
     333
     360
     329
     369
     357
     381
     348
     346
     363
     368
     346
     367
     389
     400
     402
     364
     410
     482
     417
     400
     394
     332
     333
     369
     372
     378
     414
     436
     419
     411
     345
     354
     346
     343
     337
     386
     506
     688
     712
     650
     455
     353
     365
     358
     344
     323
     335
     350
     318
     366
     325
     371
     346
     355
     352
     367
     354
     313
     354
     346
     323
     352
     349
     310
     348
     332
     356
     327
     341
     332
     340
     330
     346
     338
     348
     333
     325
     332
     344
     337
     304
     330
     330
     323
     339
     366
     317
     295
     311
     332
     305
     326
     326
     303
     317
     338
     308
     333
     279
     321
     308
     331
     313
     297
     291
     327
     305
     337
     299
     298
     289
     285
     331
     331
     348
     349
     366
     337
     317
     312
     352
     297
     305
     325
     307
     335
     302
     310
     299
     285
     280
     289
     336
     325
     296
     313
     277
     275
     300
     312
     279
     289
     287
     304
     297
     288
     279
     293
     301
     300
     283
     334
     378
     342
     312
     318
     312
     354
     354
     341
     263
     247
     303
     305
     285
     295
     307
     288
     323
     301
     288
     305
     290
     286
     294
     326
     343
     466
     731
    1028
     973
     718
     424
     299
     285
     281
     304
     301
     295
     287
     254
     286
     264
     269
     250
     264
     281
     267
     293
     292
     292
     261
     284
     243
     264
     247
     281
     317
     265
     304
     284
     287
     296
     276
     267
     258
     260
     299
     316
     307
     369
     307
     280
     275
     282
     321
     310
     290
     268
     240
     274
     273
     252
     218
     263
     272
     272
     259
     260
     267
     264
     278
     312
     321
     289
     300
     308
     248
     253
     261
     259
     273
     250
     256
     264
     251
     261
     293
     244
     248
     254
     272
     239
     257
     243
     237
     277
     255
     278
     248
     245
     239
     244
     281
     276
     261
     288
     247
     238
     270
     258
     250
     278
     253
     276
     266
     273
     296
     303
     280
     267
     251
     250
     230
     231
     252
     242
     265
     268
     286
     367
     427
     462
     718
    1129
    1627
    1689
    1351
     797
     608
     422
     374
     316
     278
     271
     268
     274
     270
     232
     225
     259
     216
     244
     258
     238
     239
     247
     247
     241
     268
     286
     259
     255
     244
     228
     258
     236
     266
     250
     245
     233
     257
     249
     243
     241
     229
     264
     254
     220
     225
     239
     253
     232
     212
     245
     212
     235
     236
     236
     243
     216
     229
     250
     223
     228
     268
     233
     251
     263
     249
     246
     242
     205
     232
     235
     247
     215
     247
     229
     247
     229
     217
     215
     227
     230
     256
     255
     240
     242
     257
     226
     223
     257
     213
     233
     234
     232
     238
     260
     264
     256
     252
     238
     228
     217
     240
     256
     258
     234
     269
     210
     222
     238
     204
     249
     230
     210
     231
     233
     249
     221
     224
     236
     250
     236
     246
     250
     242
     218
     221
     228
     245
     220
     218
     215
     231
     235
     235
     227
     208
     259
     328
     363
     348
     306
     251
     203
     266
     215
     218
     224
     229
     249
     205
     247
     224
     240
     215
     242
     215
     235
     240
     231
     238
     250
     274
     233
     274
     253
     255
     239
     245
     240
     228
     207
     223
     205
     228
     244
     213
     248
     216
     202
     241
     198
     205
     246
     257
     274
     264
     277
     239
     264
     311
     653
    1737
    3482
    4433
    3634
    2067
     809
     341
     236
     223
     218
     213
     197
     205
     233
     207
     223
     213
     206
     207
     202
     226
     201
     208
     214
     249
     216
     208
     190
     217
     208
     225
     226
     200
     211
     194
     228
     211
     239
     196
     228
     198
     219
     192
     208
     204
     215
     199
     209
     206
     221
     242
     211
     211
     233
     263
     193
     250
     244
     274
     261
     284
     228
     233
     222
     227
     202
     272
     327
     804
    2044
    4161
    5375
    4554
    2590
     963
     333
     222
     203
     208
     185
     200
     202
     191
     191
     214
     197
     186
     204
     208
     218
     206
     180
     208
     197
     193
     217
     202
     197
     175
     220
     193
     189
     219
     214
     179
     198
     202
     189
     191
     204
     200
     208
     155
     196
     177
     209
     185
     212
     175
     210
     178
     186
     198
     189
     220
     197
     189
     211
     193
     213
     217
     208
     187
     193
     194
     200
     195
     175
     206
     209
     185
     186
     206
     201
     184
     191
     202
     166
     196
     183
     225
     194
     204
     193
     180
     201
     181
     181
     196
     183
     167
     199
     196
     200
     188
     189
     200
     190
     201
     201
     211
     193
     181
     202
     209
     214
     215
     207
     208
     204
     214
     187
     215
     211
     209
     186
     175
     176
     183
     171
     158
     197
     187
     197
     173
     197
     205
     199
     161
     208
     208
     205
     207
     197
     206
     196
     301
     538
    1029
    1445
    1411
     932
     523
     258
     194
     208
     226
     256
     256
     341
     351
     249
     223
     211
     206
     219
     213
     206
     182
     181
     177
     169
     190
     181
     179
     196
     196
     191
     168
     181
     213
     194
     187
     211
     212
     201
     193
     193
     176
     189
     205
     185
     192
     162
     197
     200
     189
     167
     190
     220
     188
     186
     205
     203
     189
     181
     217
     188
     192
     165
     184
     177
     174
     177
     209
     183
     175
     180
     199
     200
     198
     193
     183
     179
     163
     192
     192
     172
     183
     202
     206
     192
     188
     197
     196
     190
     200
     169
     162
     200
     177
     167
     176
     210
     182
     183
     197
     191
     219
     192
     191
     183
     184
     211
     199
     206
     198
     232
     241
     222
     206
     227
     197
     180
     188
     154
     211
     191
     217
     225
     184
     211
     206
     184
     213
     176
     179
     185
     175
     181
     192
     177
     183
     198
     192
     189
     176
     174
     164
     185
     186
     176
     189
     187
     184
     177
     211
     165
     185
     194
     160
     201
     191
     220
     204
     198
     180
     164
     163
     202
     196
     193
     190
     164
     164
     144
     205
     164
     192
     252
     360
     642
     935
    1055
     872
     476
     311
     202
     170
     169
     158
     165
     177
     157
     166
     170
     181
     171
     166
     190
     185
     171
     180
     171
     157
     166
     186
     194
     179
     178
     180
     180
     173
     170
     178
     181
     190
     161
     160
     166
     163
     164
     193
     209
     171
     179
     175
     171
     158
     175
     156
     176
     169
     177
     176
     177
     174
     180
     163
     190
     186
     158
     161
     162
     157
     160
     172
     167
     162
     176
     154
     194
     190
     180
     203
     211
     265
     253
     218
     241
     170
     179
     155
     191
     180
     188
     160
     186
     179
     158
     149
     142
     178
     143
     177
     153
     176
     222
     252
     229
     225
     181
     155
     171
     209
     207
     228
     224
     245
     356
     466
     573
     598
     398
     274
     197
     162
     174
     165
     213
     246
     311
     327
     251
     203
     152
     177
     179
     168
     164
     146
     150
     164
     151
     163
     144
     143
     155
     166
     154
     166
     118
     164
     180
     145
     172
     185
     214
     215
     197
     167
     160
     146
     155
     192
     267
     301
     390
     332
     268
     202
     195
     163
     137
     132
     154
     128
     141
     176
     146
     155
     144
     169
     152
     147
     141
     114
     172
     195
     270
     386
     590
     586
     478
     315
     193
     186
     160
     154
     159
     159
     148
     140
     158
     140
     152
     136
     162
     138
     151
     134
     154
     139
     163
     170
     146
     142
     128
     155
     169
     222
     251
     239
     204
     183
     144
     149
     165
     137
     145
     130
     151
     158
     153
     150
     145
     128
     157
     132
     133
     145
     163
     147
     142
     139
     141
     153
     149
     125
     154
     134
     136
     139
     144
     148
     142
     126
     147
     145
     162
     163
     170
     172
     154
     153
     145
     142
     145
     147
     140
     139
     169
     164
     151
     146
     160
     160
     154
     134
     130
     120
     141
     137
     139
     175
     195
     205
     180
     181
     170
     146
     160
     154
     144
     126
     163
     163
     188
     296
     320
     284
     250
     197
     188
     171
     163
     157
     196
     211
     221
     232
     252
     211
     229
     170
     115
     160
     150
     136
     175
     164
     149
     132
     164
     153
     150
     115
     172
     113
     113
     144
     165
     144
     165
     130
     125
     124
     141
     154
     137
     133
     128
     134
     158
     155
     127
     159
     144
     160
     137
     115
     138
     136
     110
     130
     132
     130
     126
     148
     149
     154
     155
     233
     337
     531
     542
     491
     392
     228
     172
     144
     140
     139
     132
     162
     145
     142
     145
     168
     139
     135
     126
     133
     150
     130
     119
     145
     145
     142
     133
     154
     124
     135
     154
     111
     134
     126
     160
     113
     148
     162
     147
     173
     147
     133
     150
     132
     139
     132
     168
     133
     135
     139
     155
     157
     140
     136
     138
     131
     145
     157
     141
     134
     139
     122
     124
     139
     131
     134
     129
     132
     127
     150
     148
     136
     144
     163
     147
     141
     142
     127
     130
     140
     121
     166
     133
     121
     156
     141
     149
     153
     152
     171
     153
     173
     161
     134
     143
     132
     127
     155
     136
     144
     135
     157
     162
     140
     129
     149
     149
     124
     139
     121
     154
     146
     126
     136
     160
     162
     208
     214
     185
     198
     152
     138
     130
     142
     135
     143
     154
     142
     146
     159
     142
     212
     354
     810
    1616
    2424
    2578
    2275
    1248
     613
     310
     156
     149
     133
     142
     140
     124
     134
     142
     124
     117
     142
     124
     135
     112
     146
     123
     152
     135
     122
     138
     148
     139
     137
     162
     155
     140
     124
     111
     147
     147
     141
     139
     134
     146
     109
     130
     142
     142
     120
     145
     132
     153
     116
     129
     120
     137
     132
     144
     123
     116
     132
     160
     152
     245
     287
     351
     335
     305
     195
     149
     131
     142
     139
     122
     130
     140
     138
     135
     119
     131
     131
     139
     142
     136
     131
     133
     133
     140
     139
     131
     138
     135
     155
     141
     130
     143
     150
     160
     128
     142
     141
     167
     155
     198
     198
     203
     227
     171
     195
     178
     177
     188
     176
     145
     158
     147
     127
     115
     128
     126
     136
     139
     130
     130
     128
     144
     138
     145
     170
     173
     155
     142
     135
     126
     137
     118
     135
     145
     153
     161
     126
     151
     137
     246
     333
     488
     639
     558
     393
     289
     172
     143
     149
     241
     353
     743
    1126
    1528
    1593
    1167
     681
     339
     174
      99
     138
     127
     125
     141
     124
     117
     140
     127
     125
     132
     146
     135
     134
     135
     117
     132
     145
     133
     138
     134
     151
     133
     149
     132
     127
     160
     135
     125
     144
     130
     132
     137
     122
     133
     120
     105
     129
     144
     129
     129
     138
     162
     133
     152
     150
     153
     145
     158
     138
     132
     127
     142
     129
     124
     106
     143
     127
     153
     125
     138
     144
     120
     160
     171
     141
     116
     143
     140
     151
     123
     145
     116
     133
     123
     132
     158
     192
     217
     227
     238
     205
     178
     145
     129
     157
     130
     139
     154
     131
     148
     132
     113
     134
     146
     117
     141
     138
     145
     124
     131
     143
     128
     128
     129
     140
     106
     129
     118
     122
     120
     117
     127
     121
     170
     158
     154
     143
     140
     149
     127
     112
     147
     108
     173
     149
     136
     161
     136
     144
     125
     134
     121
     132
     152
     156
     129
     102
     130
     127
     110
     129
     144
     135
     127
     146
     127
     136
     145
     130
     139
     144
     125
     137
     136
     135
     124
     137
     121
     142
     157
     139
     136
     130
     151
     151
     129
     157
     175
     138
     134
     131
     100
     129
     133
     152
     129
     139
     128
     149
     155
     133
     138
     128
     109
     120
     139
     133
     121
     160
     138
     113
     129
     150
     142
     137
     130
     137
     140
     136
     135
     132
     140
     130
     147
     150
     130
     135
     133
     144
     145
     157
     140
     141
     150
     140
     154
     139
     165
     147
     150
     137
     125
     141
     150
     137
     133
     156
     131
     122
     159
     127
     138
     116
     139
     128
     133
     139
     122
     134
     129
     146
     134
     125
     160
     166
     128
     171
     167
     139
     142
     144
     148
     138
     144
     143
     159
     136
     139
     155
     160
     155
     153
     163
     137
     136
     149
     142
     145
     150
     149
     125
     148
     138
     136
     142
     157
     153
     152
     127
     139
     150
     155
     163
     160
     174
     145
     135
     121
     151
     142
     125
     144
     148
     138
     137
     146
     135
     151
     139
     135
     142
     168
     139
     151
     152
     140
     134
     139
     146
     136
     140
     129
     129
     148
     169
     142
     144
     151
     147
     146
     158
     128
     180
     214
     164
     161
     172
     168
     139
     157
     152
     147
     136
     134
     129
     152
     151
     144
     151
     135
     147
     150
     137
     132
     132
     132
     145
     154
     179
     159
     147
     156
     142
     131
     157
     159
     146
     158
     170
     159
     138
     153
     151
     126
     165
     168
     167
     148
     188
     184
     142
     145
     160
     142
     161
     176
     136
     160
     152
     131
     155
     174
     143
     180
     171
     157
     156
     158
     168
     229
     322
     577
     841
    1003
    1007
     820
     484
     285
     206
     145
     181
     147
     161
     147
     176
     154
     132
     153
     177
     161
     149
     150
     130
     149
     135
     145
     157
     172
     144
     152
     165
     161
     151
     164
     179
     151
     142
     182
     164
     188
     171
     175
     162
     164
     164
     158
     156
     143
     163
     158
     156
     155
     153
     158
     165
     173
     154
     154
     137
     154
     141
     151
     168
     149
     160
     161
     171
     121
     177
     166
     154
     160
     143
     155
     143
     131
     144
     148
     167
     140
     161
     155
     142
     159
     161
     155
     170
     160
     164
     175
     162
     167
     196
     188
     216
     251
     283
     210
     196
     187
     186
     177
     177
     186
     158
     169
     157
     160
     148
     152
     145
     200
     167
     180
     172
     157
     162
     156
     141
     183
     181
     178
     165
     166
     170
     173
     172
     159
     171
     164
     182
     170
     167
     178
     150
     176
     199
     146
     163
     181
     204
     221
     233
     218
     249
     201
     191
     176
     212
     163
     168
     173
     188
     165
     166
     154
     189
     160
     147
     146
     176
     182
     161
     169
     162
     177
     152
     170
     175
     191
     155
     202
     170
     168
     165
     156
     145
     184
     155
     148
     167
     174
     164
     167
     176
     175
     163
     174
     172
     192
     153
     187
     174
     178
     173
     190
     182
     165
     176
     164
     179
     192
     159
     159
     177
     199
     176
     162
     183
     167
     161
     193
     174
     171
     205
     186
     193
     174
     172
     171
     177
     157
     190
     193
     181
     190
     200
     191
     180
     186
     190
     200
     199
     217
     222
     224
     196
     187
     193
     188
     194
     191
     200
     199
     196
     180
     193
     189
     213
     189
     179
     179
     196
     200
     190
     195
     190
     197
     200
     211
     214
     169
     187
     203
     210
     202
     181
     185
     191
     195
     212
     194
     210
     186
     199
     213
     206
     199
     197
     197
     184
     186
     196
     191
     214
     231
     188
     195
     194
     202
     206
     219
     165
     210
     213
     201
     196
     192
     219
     190
     185
     189
     197
     213
     190
     178
     210
     198
     163
     187
     213
     254
     306
     440
     462
     502
     455
     369
     258
     210
     209
     190
     187
     191
     210
     186
     175
     175
     175
     170
     179
     156
     181
     186
     174
     190
     179
     150
     195
     181
     191
     168
     156
     156
     147
     150
     134
     155
     135
     151
     155
     150
     163
     140
     148
     146
     131
     143
     149
     140
     125
     146
     143
     124
     141
     116
     150
     135
     135
     116
     131
     149
     117
     143
     156
     152
     114
     127
     140
     132
     136
     148
     115
     128
     146
     135
     127
     143
     123
     112
     137
     109
     136
     121
     116
     123
     111
     129
     123
     115
     110
     128
     134
     101
     143
     144
     129
     136
     128
     123
     123
     130
     134
     148
     118
     118
     130
     110
     139
     125
     118
     125
     123
     105
     161
     154
     177
     197
     202
     188
     143
     145
     138
     126
     113
     111
     125
     104
     106
     125
     120
     121
     131
     138
     118
     115
     106
     125
     106
     115
     109
     110
      92
     108
     107
      95
     102
     112
      86
     105
      87
     111
     120
     103
     109
     111
     105
     100
     110
     116
     105
     102
     103
     102
      95
     104
     111
     111
      98
      97
      92
     115
     109
     102
     108
      96
      97
     103
     105
     107
     124
      97
     120
      94
     115
     105
      91
      97
     102
     114
      97
     102
     102
      87
     125
     105
     104
     100
      72
      99
      99
      94
      93
     100
      98
     106
      82
      88
     103
      99
     107
      98
     103
     104
      95
      83
     103
      83
      86
      89
     101
      82
      99
      90
      97
      82
      85
      88
     104
      84
     105
      89
      81
      89
      75
     106
      81
      79
      67
     101
      77
      92
      81
      82
      88
      86
     105
      90
      66
      65
      84
     108
     104
     116
     144
     134
     122
     111
      85
      84
      84
      74
      72
      84
      95
      69
      81
      80
      87
      70
      81
      78
      69
      69
      71
      79
      77
      58
      67
      69
      67
      69
      66
      69
      67
      70
      75
      72
      73
      63
      68
      72
      71
      72
      69
      76
      60
      73
      70
      72
      70
      66
      68
      58
      59
      64
      60
      44
      66
      80
      67
      52
      78
      65
      50
      59
      67
      52
      70
      69
      56
      70
      62
      50
      75
      80
      66
      71
      63
      65
      62
      63
      68
      50
      61
      65
      63
      72
      59
      46
      57
      56
      40
      56
      51
      65
      60
      66
      55
      62
      58
      57
      56
      52
      50
      66
      59
      46
      50
      66
      47
      62
      61
      66
      56
      63
      59
      64
      63
      72
     120
     165
     233
     290
     262
     221
     173
      94
      83
      65
      54
      48
      64
      41
      55
      51
      52
      49
      56
      63
      49
      81
      80
      98
      93
      82
      79
      58
      47
      55
      42
      44
      44
      37
      56
      55
      58
      52
      44
      50
      48
      41
      42
      60
      44
      52
      54
      50
      52
      53
      36
      54
      50
      50
      53
      59
      43
      42
      58
      43
      62
      51
      79
      72
     106
      83
     112
     123
      98
      68
      62
      54
      58
      53
      40
      44
      54
      45
      44
      61
      90
     107
     147
     142
     167
     126
     115
      83
      62
      64
      48
      34
      46
      52
      46
      41
      62
      50
      58
      55
      44
      48
      55
      49
      53
      51
      53
      38
      50
      51
      43
      42
      37
      48
      51
      45
      41
      48
      50
      57
      44
      43
      46
      40
      44
      55
      51
      54
      34
      47
      56
      51
      59
      56
      47
      55
      46
      48
      59
      39
      45
      50
      54
      47
      51
      47
      57
      60
      46
      52
      61
      47
      53
      53
      36
      51
      60
      54
      51
      53
      46
      46
      47
      58
      39
      50
      43
      48
      55
      41
      49
      49
      58
      46
      65
      44
      45
      49
      47
      49
      62
      71
      62
      47
      49
      49
      38
      61
      51
      49
      60
      44
      49
      55
      51
      62
      50
      61
      57
      57
      61
      74
      54
      66
      64
      77
      63
      77
      68
      83
      74
      96
      73
      83
      97
     142
     211
     471
    1000
    2264
    4478
    7837
   10980
   12922
   11988
    8719
    5351
    2432
     922
     307
      93
      34
      26
      27
      34
      24
      30
      31
      30
      28
      27
      25
      26
      28
      26
      27
      25
      26
      30
      22
      40
      25
      27
      34
      34
      18
      32
      31
      34
      25
      32
      26
      30
      23
      22
      30
      27
      24
      25
      29
      30
      33
      30
      37
      34
      32
      24
      31
      27
      28
      22
      26
      25
      36
      26
      29
      23
      27
      31
      27
      25
      22
      29
      27
      30
      25
      29
      34
      31
      25
      33
      31
      32
      21
      26
      25
      22
      21
      26
      26
      30
      34
      42
      47
      69
      74
      78
      64
      63
      42
      38
      27
      19
      28
      17
      29
      29
      32
      50
      26
      62
      58
      54
      35
      39
      34
      25
      34
      25
      23
      31
      22
      22
      31
      29
      21
      46
      52
      69
      99
     109
     152
     107
     101
      71
      54
      32
      29
      35
      50
      45
      42
      43
      35
      29
      24
      38
      30
      27
      16
      40
      29
      21
      27
      30
      24
      36
      23
      37
      25
      19
      20
      18
      26
      25
      21
      21
      27
      26
      13
      32
      21
      27
      37
      25
      30
      20
      22
      29
      22
      24
      25
      24
      32
      32
      23
      29
      24
      28
      27
      39
      33
      28
      34
      29
      33
      26
      28
      27
      16
      21
      40
      28
      25
      35
      32
      29
      38
      37
      35
      43
      38
      22
      30
      27
      21
      29
      30
      28
      44
      34
      41
      49
      32
      32
      31
      21
      21
      19
      20
      17
      23
      28
      13
      23
      27
      27
      22
      21
      26
      21
      23
      23
      17
      24
      17
      31
      27
      22
      22
      24
      23
      22
      21
      20
      22
      20
      46
      28
      32
      33
      27
      19
      23
      19
      13
      23
      24
      24
      31
      22
      26
      18
      23
      23
      26
      17
      24
      18
      23
      28
      15
      24
      20
      20
      24
      28
      19
      20
      20
      21
      28
      23
      20
      19
      12
      20
      19
      28
      25
      27
      16
      23
      21
      17
      27
      23
      26
      19
      24
      14
      26
      12
      32
      22
      29
      41
      50
      58
      47
      61
      41
      47
      42
      46
      50
      46
      66
      44
      41
      28
      37
      19
      31
      40
      47
      76
     117
     170
     206
     201
     168
     119
      72
      37
      28
      35
      22
      28
      64
      67
      84
      86
      60
      68
      49
      30
      35
      30
      19
      32
      18
      23
      18
      26
      23
      24
      35
      24
      32
      42
      26
      32
      25
      28
      20
      16
      22
      26
      17
      21
      22
      19
      22
      20
      24
      29
      36
      20
      32
      21
      25
      13
      27
      25
      23
      20
      22
      28
      20
      22
      16
      22
      11
      20
      32
      20
      13
      16
      13
      20
      27
      21
      19
      20
      17
      17
      22
      18
      19
      32
      20
      38
      58
      81
      85
      92
      98
      74
      41
      25
      22
      26
      33
      25
      27
      36
      32
      30
      26
      36
      20
      16
      16
      29
      24
      20
      29
      40
      58
      84
     108
     108
      86
      77
      54
      20
      29
      24
      24
      19
      32
      20
      21
      17
      18
      16
      25
      28
      24
      41
      37
      46
      41
      29
      22
      22
      16
      14
      24
      20
      30
      19
      15
      17
      14
      20
      12
      19
      22
      17
      16
      18
      20
      12
      24
      17
      13
      13
      10
      20
      20
      19
      13
      15
      21
      25
      16
      15
      22
      19
      23
      21
      15
      16
      14
      22
      18
      20
      16
      16
      15
      22
      20
      22
      20
      22
      22
      20
      20
      28
      49
      52
      61
      68
      51
      28
      32
      15
      14
      11
      13
      24
      24
      24
      24
      32
      26
      24
      26
      17
      21
      13
      20
      12
      18
      15
      18
       9
      22
      11
      19
      14
      17
      18
      16
      11
       9
      22
      13
      17
      21
      18
      15
      11
      25
      21
      16
      21
      28
      27
      21
      23
       9
      16
      16
      20
      19
      15
      28
      18
      27
      32
      26
      31
      27
      16
      32
      17
      23
      21
      19
      19
      11
      18
       9
      14
      11
      12
      16
      14
      23
      17
      29
      19
      19
      28
      24
      20
      22
      16
      29
      20
      12
      18
      15
      15
      17
      18
      19
      17
      11
      21
      19
      18
      20
      16
      12
      11
      11
      16
      27
      11
      15
      21
      24
      13
      17
      16
      15
      13
      15
      16
      11
      15
      17
      16
      18
      14
      19
      16
      16
      18
      14
      21
      19
      12
      16
      14
      17
      15
      16
      16
      13
      15
      16
      16
       7
      12
      15
      12
      15
      17
      13
      19
      10
      16
      19
      13
      19
      18
      19
      13
      10
      10
      15
       8
      16
       9
      20
      18
      14
      13
      11
      13
      16
       4
      25
      24
      50
      61
     119
     114
     158
     164
     117
      90
      68
      25
      24
      18
      17
      13
      17
      16
      11
      14
      16
      11
       8
      24
      14
      18
      12
      10
      20
      16
      17
      21
      13
      11
      17
      12
      16
      18
      19
      15
      16
      15
      16
      13
      12
       6
      17
      14
      13
      15
      21
      13
      24
      12
      14
      19
      10
      13
      11
      17
      13
      23
      20
      20
      18
      17
      22
      18
      25
      14
      15
      14
      17
      14
      21
      16
      17
       6
      14
      16
      13
      16
      19
      17
      25
      21
      16
      16
      23
      17
      21
      24
      34
      65
     106
     226
     360
     541
     692
     627
     562
     457
     240
     113
      58
      36
      14
      12
      14
      21
      16
      13
      13
      19
      17
      15
      12
      10
      16
      15
      15
      16
      15
      19
      10
      10
      14
      18
      14
      21
      14
      13
      14
      15
      17
      16
      11
      22
      14
      22
      11
      15
       8
      25
      15
      15
      15
      17
      14
      13
      16
      19
      13
      12
      18
      12
      14
       8
      15
      18
      16
       7
      11
      18
      18
      13
       9
      13
      10
      22
      15
      17
      13
      15
      11
      16
      11
      16
      16
      17
      13
       8
      10
      13
      19
      18
      10
      13
      11
      13
      15
      22
      19
      12
      24
      16
      12
      10
      10
      10
      20
      15
       8
      12
      16
      20
      27
      23
      19
      15
      23
      14
      20
      14
      15
      13
       7
       9
      13
      20
      13
      14
      12
      15
      10
      12
      18
      19
      13
      10
      19
      11
       7
      11
      13
      17
      15
      19
      21
      14
      19
      18
      13
      15
      10
       2
      19
      10
      10
      13
       9
       5
      16
      13
       9
       9
      13
      14
      16
      19
      14
      19
      17
      23
      19
       9
      16
       8
      16
      16
      19
      15
      16
      18
      12
      15
      15
       8
      12
      17
      11
      18
      21
      14
      11
      12
      13
       5
      10
       8
      15
      23
      24
      32
      23
      23
      25
      14
      12
      21
       9
      20
      12
      18
      22
      13
      18
      14
      20
      17
      18
      13
      25
      23
      46
      67
      83
      97
      88
      97
      76
      46
      31
      16
      24
      14
      13
      18
      12
      12
      11
       8
       9
      11
      22
      15
      13
       8
      14
      11
       9
      15
      17
      13
      15
      11
      12
      16
      22
      15
      16
      17
      13
      17
      17
      22
      16
      14
      12
      13
       9
      16
      13
       8
      18
      12
      15
      15
      15
      11
      18
      10
      12
      20
      10
      11
      13
      20
      21
      13
      18
      22
      16
      14
      17
      22
      17
      23
      29
      17
      17
      10
      20
      14
      21
      10
      15
      17
      11
      19
      22
      13
      14
      21
      14
      14
      12
      15
       7
      14
      19
      18
      14
      12
      18
      10
      16
      16
      21
      15
      18
      17
      13
      21
      16
      23
      16
      19
      15
      22
      16
      17
      21
      21
      20
      14
      10
      19
      20
      15
      11
      12
      16
      11
      24
      25
      21
      24
      22
      14
      14
      14
      19
      24
      19
      14
      14
      13
      19
       8
       9
       8
      17
      12
      13
      16
      11
      19
      14
      15
      13
      16
      21
      19
       7
      15
      15
      12
      13
      14
       9
      14
      11
      20
      15
      18
      20
      18
      13
       8
      20
      18
      19
      13
      11
      15
      15
      18
      19
      14
      17
      10
      16
      15
      17
      24
      18
      15
      10
      18
      13
      15
      25
      10
      11
      10
      16
      19
      14
      19
      10
      14
      20
      18
      11
      20
      24
      18
       9
      11
       8
      17
      12
      16
      17
      17
      14
      15
      20
      15
      13
      22
      13
      11
      18
      13
      12
      19
      22
      14
      11
      12
      16
      15
      22
      22
      21
       9
      11
      19
       9
      21
      14
      17
      14
      12
      15
      17
      16
      22
      19
      19
      14
      15
      16
      14
      13
      13
      21
      10
      25
      16
      11
       9
      14
      15
      21
      15
       8
      13
      13
      12
      20
      19
      13
      21
      10
       8
      15
      15
       6
      14
      15
       7
       6
      14
      14
      16
      17
      15
       8
      11
      16
      12
      14
      14
      13
      15
      10
      11
       9
      12
       9
      16
      10
      12
      12
      22
      13
      12
      17
      19
      16
       9
      14
      13
      17
      14
      18
      15
      21
      13
      15
      17
      17
      22
      20
      15
      16
      18
       6
      15
      15
      12
      14
      11
      13
      12
      11
      15
      19
      14
      17
      10
       8
      21
      12
      18
      17
      16
      15
      11
      13
      13
      11
      17
      13
      11
      17
      12
      13
      17
      13
      13
      18
      18
       8
       9
      11
      13
      13
      19
      13
      12
      12
      10
      14
      17
      14
      19
      13
      14
      21
      16
      17
      12
      15
      12
      15
       9
      16
      20
      16
      16
      18
      15
      12
      11
      13
       8
      20
      10
      15
      12
      13
      10
      14
       7
      17
      12
      13
      15
      17
      18
      11
      13
      16
      16
       9
      15
      10
      16
      12
       9
      19
      16
      20
      21
      15
      10
      23
      24
      18
      15
      18
      10
      24
      11
      19
       9
      15
      11
      16
      14
      19
       9
      17
      17
      23
      19
      17
      13
      12
      15
      16
      10
      12
      22
      13
       4
      10
       8
      10
      19
      16
      17
      13
      13
       4
      18
       8
      15
      17
      16
      12
      13
      15
       7
       8
      14
      12
       9
      12
      13
      13
      15
       8
      18
      10
      13
       7
      10
      13
      10
      10
      15
      12
       9
      11
      17
      12
      12
      11
      12
       8
      15
      12
      13
       7
      10
      21
      16
      13
      16
      10
      14
      15
      10
       9
      13
      15
      11
      11
      13
      10
       6
      10
      17
      14
      17
       8
      12
       7
      15
       9
      17
      15
      15
      12
      19
      13
      12
      17
      14
      15
       8
       8
      15
      14
      21
      12
      18
       7
      17
      17
      26
      14
      15
      11
      17
      12
      18
      18
      11
      12
      10
      14
      13
       9
      10
      13
       8
      15
      14
      11
      11
      11
      10
      20
      15
      13
      10
      12
      19
      13
      13
      12
      13
       8
      12
      13
      11
      13
      14
      19
      13
      11
      18
      12
      12
      14
      16
      10
      10
      16
      10
      11
      14
      13
      15
      13
      13
       6
      16
      10
       7
       8
      12
      21
      16
      14
      13
      19
      10
      10
      14
      13
      11
      12
      12
      13
      11
      13
      20
      10
      13
      12
      17
      14
      18
      12
      20
      13
      17
      18
      11
      17
       8
      17
      15
      12
      13
      14
      12
      11
      15
      16
      13
      15
       8
       8
      18
      11
      18
      16
      18
      14
      21
      41
      48
      69
      66
      82
      88
     103
     107
     102
     101
      63
      55
      56
      20
      25
      29
       8
      15
      15
      14
      19
      22
      15
      15
      14
      14
      14
      22
      17
      16
      15
       9
      11
      12
      11
      12
      13
      10
      11
      17
      18
      14
      21
      37
      40
      45
      52
      47
      53
      30
      20
      26
      13
      22
      11
      10
      12
      15
      11
      17
      12
      14
      18
      10
      15
      11
      10
      17
      12
      17
      13
      11
      17
      15
      17
      12
       9
       9
      12
      10
      13
      13
      11
      16
      11
      15
      13
       7
      17
      15
      10
      12
      15
      11
      15
      12
      12
      15
      12
      14
      14
       9
      10
      11
      16
      12
       9
      14
      15
      13
      15
      16
      13
       8
      13
      12
      16
      15
      17
      12
      11
       8
      14
      18
      26
      17
      18
      18
      12
      16
      20
      18
      14
       6
      16
      15
      13
      13
      14
      11
      14
       9
      18
      12
      11
       9
      16
      12
      18
      10
       6
      17
      11
      14
      15
      10
      14
      15
      12
      23
      15
      10
      12
      16
      13
      23
      20
      15
      10
      12
      23
      14
      19
      14
      18
      21
      15
      11
      11
      16
      19
      19
       8
      16
      18
      19
      15
      15
      18
      12
      21
      12
      16
      11
      19
      10
      20
       9
      20
      21
      14
      18
      20
      13
      16
      16
       6
      23
      17
       7
      13
      15
      11
      13
      19
      11
      13
      14
      16
      17
      17
      12
      12
      14
      17
      15
      11
      20
      15
      12
      11
      15
      10
      18
      10
      16
      14
      20
      16
      10
      20
      20
      15
      20
      12
       9
      12
      18
      21
      13
       7
      16
      13
      22
      15
      14
      23
       8
      17
       8
      12
      14
      11
      19
      23
      21
      27
      55
      59
      97
     122
     152
     171
     174
     129
      99
      60
      47
      29
      17
      17
      11
      14
      22
      11
      17
      17
      10
      16
      14
      13
       9
      16
      15
      11
      14
      18
       9
      10
      12
      14
      14
      12
      11
      19
      18
      14
      18
      12
      17
      11
      22
      17
      14
      16
      14
      26
      18
       9
      14
      12
      13
      17
      17
      14
      13
      19
      11
      18
      17
      21
      16
      12
       8
      15
      12
      17
      10
      15
      16
      19
       7
       9
      15
      12
      13
      12
      15
      16
      21
      13
      14
      11
      15
      13
      17
      16
      16
      13
      20
      16
      19
      22
      10
      11
      13
      15
      14
      11
      16
      15
      11
      15
      12
      10
      15
      10
      18
      12
      13
      16
      12
      16
      21
       8
      14
      25
       9
      17
      12
      22
      19
      12
      13
      21
      12
      13
      11
      16
      15
      13
      15
      12
      21
      17
      15
      23
      12
       8
      15
      20
      17
      14
      18
      14
      13
      10
      18
       9
      13
      10
      11
      25
      21
      16
      13
      24
      15
      11
      18
      10
      12
      18
      14
      13
      17
      13
      19
      15
      20
      14
      14
      19
      18
      16
      24
       7
      13
      15
      21
      16
      20
      18
      16
      23
       9
      20
      17
      20
      12
      14
      19
      16
      18
      12
      13
       9
      13
      10
      12
      15
      11
      17
      11
      23
      15
      12
      20
      10
      10
      15
      14
      23
      16
      16
      26
      19
      13
      15
      16
      16
      15
      11
      20
      20
      12
      18
      22
      13
      12
      19
      11
      23
      17
      24
      21
      29
      28
      39
      31
      32
      19
      17
      20
      19
      14
      18
      15
      17
      12
      16
      26
      16
      17
      14
      10
      18
      14
      11
      22
       9
      13
      14
      18
      16
      15
      16
      17
      15
      16
      15
       8
      22
      16
      21
      19
      12
      14
      17
      19
      15
      20
      18
      13
      20
      26
      21
      16
      23
      12
      12
      12
      12
      13
      17
      13
      16
      28
      21
      21
      15
      12
      20
      18
      23
      22
      15
      15
      22
      16
      25
      16
      17
      18
      19
      14
      18
      16
      26
      16
      16
      19
      16
      11
      18
      15
      16
      22
      22
      18
      19
      14
      12
      17
      22
      10
      15
      20
      18
      18
      16
      25
      20
      14
      14
      10
      17
      17
      16
      18
      22
      25
      16
      18
      18
      11
      22
      12
      18
      21
      18
      16
      14
      24
      20
      13
      32
      13
      17
      24
      15
       8
      22
      16
      17
      12
      17
      16
      18
      16
      19
       9
      16
      14
      23
      20
      24
      22
      25
      21
      19
      17
      17
      21
      10
      21
      11
      22
      19
      17
      18
      22
      17
      16
      22
      19
      15
      21
      15
      17
      25
      19
      21
      14
      20
      16
      12
      21
      17
      19
      19
      15
      22
      21
      23
      21
      19
      14
      18
      20
      17
      14
      21
      27
      22
      10
      24
      20
      18
      18
      17
      23
      20
      11
      15
      14
      17
      22
       9
      16
      16
      20
      14
      16
      15
      28
      13
      16
      25
      16
      17
      25
      19
      19
      14
      27
      18
      33
      17
      10
      21
      20
      19
      15
      13
      17
       9
      15
      25
      21
      13
      18
      19
      16
      15
      13
      11
      20
      18
      15
      13
      11
      21
      17
      17
       4
      16
      11
      15
      15
      18
      10
      13
      13
       5
      15
      19
       9
      10
      16
      16
      12
      10
      10
      20
      12
       6
      23
      14
      13
      12
      15
       9
       8
      13
      14
       9
      13
      12
      18
      12
      16
      14
      10
      16
      17
      18
      13
      12
      17
      10
      16
      14
      14
      15
      17
      17
      17
      17
      21
      13
      15
      15
      11
      13
       9
      14
      16
      17
      12
      12
      20
      15
      13
      12
      13
      11
      16
       8
      13
       8
      12
       7
      12
      11
      12
      11
      11
       6
      17
      20
      14
      11
      11
      11
      14
       7
      12
      11
       7
      15
       9
      10
      10
      20
      13
      15
       8
      12
       9
      13
      11
       9
       5
      14
      17
       5
      10
      13
      12
      17
      13
      10
       7
      10
      17
      12
      19
      14
      10
      15
       4
      10
      14
       9
      11
      15
      10
       8
      10
       8
       7
       9
      10
      12
      11
      10
      17
      11
      10
      12
      21
      35
      30
      40
      51
      48
      51
      51
      37
      21
      19
       7
      14
      14
      11
       5
      10
      12
      12
       8
       7
       9
      10
      18
      10
       8
      14
      10
       4
      12
      14
      10
       7
       6
      10
       7
      10
      15
       8
      11
       6
       6
      13
       7
      10
      13
      10
      12
       5
      11
      15
      10
       5
      11
       6
       3
      10
       9
      11
       7
       9
      12
      12
      14
       8
       9
       5
      10
       8
      10
       9
       7
      11
       8
       2
       5
      12
      11
      10
       7
      16
      10
      11
       9
      12
       9
      18
      10
      11
       6
       7
      12
       4
      12
      11
      13
      15
       6
       5
       8
      10
       8
       7
       4
       8
      13
      11
       5
       8
       6
       4
       8
       3
       8
       9
       4
      14
       7
       5
      11
       6
       8
       1
       9
      13
       9
       5
       6
       5
       4
       5
       9
       6
       7
       2
       2
       3
      11
       8
       7
       5
      13
       5
       9
       8
      10
       8
       8
       4
       9
       4
       6
       4
       9
       7
       4
       8
       7
      15
       6
       7
       6
       7
       3
       6
       9
       3
       6
       7
       6
       7
       5
       4
       1
       6
       4
       5
       7
       4
       8
       5
      10
       5
       4
       6
       2
       3
       8
       6
       3
       6
       8
       2
       3
      10
       6
       5
       6
       7
       3
       2
       4
       2
      12
       8
       2
       3
       9
       3
       5
       2
       6
       2
       6
       5
       4
       4
       3
       5
       3
       7
       8
       8
       2
       7
       5
       5
       7
       7
      10
       5
      10
       6
       7
       7
       5
       9
       1
       6
       7
       3
       5
       5
       4
       4
       1
       6
       4
       4
       2
       2
       5
       2
       6
       6
       7
       7
      10
       5
       5
       4
       4
       0
       6
       2
       5
       4
       4
       5
       7
       6
       6
       4
       6
       5
       2
       2
       4
       5
      10
       3
       7
       6
       5
       2
       4
       2
       4
       5
       5
       1
       6
       6
       5
       6
       3
       6
       2
       3
       8
       5
       6
       4
       8
       7
       3
       8
       4
       7
       3
       0
       2
       5
       2
       7
       6
       6
      11
       4
       6
       4
       7
       2
       3
       3
       6
       4
       6
       4
       2
       3
       2
       3
       3
       5
       1
       4
       6
       3
       3
       5
       4
       5
       5
       5
       2
       6
       4
       2
       9
       8
       7
       3
       2
       4
       4
       5
       6
       3
       7
       3
       2
       4
       8
       3
       3
       4
       4
       5
       6
       1
       5
       3
       7
       4
       3
       6
       6
       2
       2
       5
       4
       1
       4
       6
       4
       2
       5
       2
       4
       3
       8
       5
       4
       1
       5
       8
       9
       3
       5
       3
       5
       8
       6
       7
       7
       7
       3
       4
       6
       3
       7
       2
       5
       4
       9
       9
       4
       4
       5
       5
       8
       2
      11
       7
       6
      11
      10
       7
      14
       9
      11
       7
       9
      13
      18
      18
      39
      54
      93
     136
     261
     372
     560
     737
     898
     922
     862
     719
     480
     292
     191
      81
      34
      16
       6
       5
       3
       4
       3
       3
       4
       3
       2
       4
       6
       5
       2
       5
       4
       2
       2
       4
       3
       1
       5
       2
       4
       5
       6
       4
       3
       4
       2
       3
       5
       7
       4
       6
       1
       3
       4
      10
       3
       3
       2
       3
       2
       1
       3
       5
       1
       1
       4
       1
       4
       3
       3
       0
       3
       5
       4
       1
       1
       2
       2
       2
       7
       1
       4
       2
       2
       2
       6
       3
       3
       1
       5
       2
       6
       3
       1
       1
       5
       3
       3
       5
       2
       2
       3
       0
       4
       4
       5
       4
       1
       4
       3
       0
       1
       3
      10
       4
       1
       1
       5
       3
       3
       2
       3
       1
       4
       8
       4
       5
       4
       4
       2
       7
       3
       3
       6
       2
       6
       2
       4
       5
       3
       3
       3
       6
       3
       7
      11
       1
       1
       5
       1
       7
       1
       3
       3
       5
       2
       0
       2
       4
       4
       2
       4
       2
       2
       3
       0
       2
       3
       0
       4
       5
       1
       4
       5
       2
       1
       2
       4
       6
       2
       5
       1
       2
       5
       2
       0
       5
       2
       5
       4
       3
       2
       6
       6
       3
       3
       3
       6
       9
       5
       7
       3
       5
       4
       5
       5
       2
       3
       4
       6
       6
       1
       1
       2
       1
       3
       1
       2
       1
       3
       4
       6
       2
       3
       5
       1
       2
       0
       4
       4
       2
       3
       5
       6
       0
       3
       5
       4
       4
       1
       2
       7
      10
       1
       1
       7
       4
       1
       2
       5
       2
       3
       2
       4
       5
      10
       5
       5
       3
       2
       4
       2
       2
       2
       3
       3
       4
       3
       4
       3
       2
       1
       4
       3
       4
       1
       2
       3
       0
       0
       4
       1
       1
       2
       6
       3
       4
       3
       3
       3
       5
       2
       3
       1
       2
       6
       4
       6
       6
       1
       4
       2
       1
       1
       3
       3
       2
       3
       2
       1
       6
       4
       4
       0
       3
       4
       1
       5
       6
       3
       3
       3
       4
       6
       2
       8
       6
       3
       5
       5
       3
       2
       2
       2
       5
       5
       3
       2
       1
       3
       2
       1
       5
       3
       5
       1
       1
       4
       4
       3
       4
       2
       3
       0
       2
       3
       2
       2
       2
       2
       2
       5
       3
       2
       4
       5
       1
       1
       1
       2
       7
       1
       4
       1
       6
       2
       4
       3
       2
       4
       2
       4
       5
       2
       4
       0
       2
       0
       4
       5
       1
       1
       4
       4
       4
       2
       2
       5
       1
       3
       5
       3
       3
       0
       2
       3
       3
       5
       2
       3
       1
       2
       4
       3
       5
       2
       8
       1
       3
       2
       3
       8
       2
       1
       7
       1
       4
       2
       6
       3
       4
       0
       5
       5
       3
       3
       4
       3
       3
       2
       2
       3
       4
       2
       2
       2
       3
       3
       3
       3
       3
       2
       3
       2
       3
       6
       4
       6
       1
       4
       4
       3
       2
       2
       3
       3
       4
       3
       2
       7
       3
       5
       3
       2
       4
       3
       5
       1
       2
       2
       1
       2
       3
       5
       2
       3
       2
       2
       0
       2
       4
       2
       5
       6
       3
       5
       2
       3
       1
       1
       1
       4
       2
       5
       6
       0
       1
       2
       3
       5
       2
       2
       5
       0
       4
       3
       4
       4
       0
       0
       4
       0
       2
       3
       2
       5
       1
       1
       1
       1
       2
       2
       1
       3
       2
       5
       2
       2
       1
       1
       1
       1
       2
       2
       0
       3
       0
       3
       2
       4
       1
       3
       0
       1
       2
       3
       2
       3
       4
       1
       3
       0
       3
       6
       3
       3
       0
       2
       2
       5
       3
       3
       1
       3
       4
       2
       4
       2
       1
       4
       0
       4
       2
       6
       2
       1
       6
       2
       1
       4
       4
       7
       1
       1
       3
       1
       3
       5
       4
       0
       0
       4
       4
       1
       2
       6
       5
       1
       2
       1
       2
       3
       2
       6
       4
       2
       0
       2
       6
       4
       2
       2
       3
       5
       2
       3
       1
       1
       2
       3
       4
       1
       2
       4
       1
       3
       3
       1
       1
       3
       4
       3
       4
       1
       3
       2
       2
       0
       2
       2
       2
       2
       2
       3
       3
       2
       4
       3
       2
       1
       5
       5
       1
       2
       0
       5
       3
       3
       5
       0
       3
       3
       4
       3
       2
       3
       0
       4
       1
       2
       1
       1
       1
       1
       2
       0
       3
       2
       3
       0
       4
       2
       1
       1
       4
       4
       2
       7
       3
       1
       2
       1
       0
       4
       1
       2
       3
       3
       1
       5
       2
       1
       1
       3
       3
       3
       3
       3
       3
       4
       4
       3
       0
       5
       2
       1
       2
       4
       1
       2
       6
       4
       3
       3
       4
       2
       4
       1
       5
       5
       5
       4
       4
       4
       6
       7
       4
       2
       1
       1
       4
       2
       1
       2
       3
       0
       2
       2
       3
       3
       1
       0
       2
       4
       0
       0
       3
       1
       5
       4
       1
       9
       2
       3
       3
       2
       4
       4
       2
       4
       0
       2
       2
       1
       4
       1
       5
       4
       3
       1
       2
       1
       1
       3
       2
       4
       2
       4
       3
       2
       3
       0
       2
       2
       2
       5
       2
       2
       1
       2
       5
       3
       2
       3
       1
       5
       3
       4
       3
       2
       2
       3
       2
       3
       1
       4
       2
       1
       1
       2
       0
       1
       3
       4
       1
       4
       2
       1
       0
       2
       4
       2
       2
       3
       3
       2
       1
       3
       3
       2
       5
       1
       3
       0
       4
       3
       1
       4
       5
       1
       3
       3
       4
       4
       0
       1
       4
       1
       2
       3
       1
       0
       1
       0
       1
       3
       1
       1
       5
       1
       1
       3
       1
       3
       2
       2
       3
       1
       3
       0
       5
       5
       4
       3
       0
       1
       0
       1
       3
       5
       1
       4
       4
       3
       3
       2
       3
       0
       2
       2
       1
       1
       3
       4
       3
       1
       0
       3
       3
       4
       2
       1
       0
       3
       2
       2
       3
       1
       1
       4
       2
       5
       4
       3
       1
       2
       4
       1
       1
       2
       4
       2
       0
       3
       0
       1
       2
       0
       4
       3
       3
       2
       3
       3
       2
       1
       3
       2
       4
       3
       3
       0
       3
       2
       2
       0
       0
       2
       1
       1
       0
       4
       4
       0
       3
       4
       3
       3
       2
       1
       0
       1
       1
       1
       1
       4
       1
       5
       3
       3
       1
       2
       2
       2
       2
       3
       1
       0
       0
       2
       1
       2
       3
       1
       0
       1
       1
       0
       1
       3
       1
       2
       2
       3
       2
       0
       1
       3
       0
       1
       4
       1
       1
       1
       2
       3
       1
       2
       1
       1
       5
       2
       3
       0
       1
       4
       1
       4
       2
       1
       1
       1
       2
       2
       0
       0
       0
       4
       4
       3
       2
       1
       0
       5
       2
       4
       3
       3
       1
       0
       2
       1
       5
       1
       2
       1
       4
       2
       2
       5
       0
       4
       3
       2
       2
       0
       2
       4
       0
       3
       2
       2
       2
       2
       1
       2
       2
       3
       1
       5
       2
       0
       0
       3
       4
       2
       1
       1
       2
       1
       2
       3
       0
       3
       1
       2
       0
       1
       0
       2
       1
       1
       1
       1
       4
       0
       2
       3
       1
       3
       1
       4
       5
       1
       3
       3
       1
       1
       1
       3
       3
       2
       0
       2
       3
       2
       5
       1
       3
       0
       2
       1
       0
       1
       2
       2
       2
       2
       3
       1
       3
       3
       2
       1
       2
       3
       1
       3
       4
       0
       3
       2
       0
       0
       0
       0
       0
       0
       0
       0
       0
       0
       0
       0
       0
       0
       0
       0
       0
       0
       0
       0
       0
       0
       0
       0
       0
       0
       0
       0
       0
       0
       0
       0
       0
       0
       0
       0
       0
       0
       0
       0
       0
       0
       0
       0
       0
       0
       0
       0
       0
       0
       0
       0
       0
       0
       0
       0
       0
       0
       0
       0
       0
       0
       0
       0
       0
       0
       0
       0
       0
       0
       0
       0
       0
       0
       0
       0
       0
       0
       0
       0
       0
       0
       0
       0
       0
       0
       0
       0
       0
       0
       0
       0
       0
       0
       0
       0
       0
       0
       0
       0
       0
       0
       0
       0
       0
       0
       0
       0
       0
       0
       0
       0
       0
       0
       0
       0
       0
       0
       0
       0
       0
       0
       0
       0
       0
       0
       0
       0
       0
$ROI:
90
177 185
241 249
258 266
467 476
487 496
507 516
520 532
546 558
572 584
605 614
625 634
653 662
676 690
706 720
739 752
773 787
789 801
824 837
844 858
889 903
923 937
956 970
1181 1194
1216 1229
1244 1257
1309 1325
1343 1359
1377 1393
1505 1518
1534 1547
1568 1584
1605 1621
1639 1655
1706 1720
1742 1756
1780 1794
1883 1899
1917 1933
1951 1967
2363 2378
2401 2416
2435 2450
2460 2478
2487 2505
2519 2532
2541 2553
2556 2570
2587 2601
2907 2927
2949 2969
2992 3012
3225 3243
3263 3281
3301 3319
3632 3652
3669 3690
3711 3733
3760 3782
3799 3821
3853 3875
3904 3926
4146 4160
4191 4205
4239 4253
4277 4292
4304 4319
4344 4362
4381 4401
4423 4443
4505 4527
4561 4583
4602 4625
4651 4675
4707 4731
4816 4840
4873 4897
4921 4945
5495 5519
5550 5574
5589 5613
5642 5666
5754 5780
5813 5839
5875 5901
6388 6413
6458 6484
6518 6543
6842 6868
6899 6925
6954 6980
$PRESETS:
None
0
0
$ENER_FIT:
0.200042 0.378074
$MCA_CAL:
3
2.000416E-001 3.780739E-001 1.596453E-008 keV
$SHAPE_CAL:
3
2.091645E+000 1.039361E-003 -4.171630E-008
