$SPEC_ID:
 
$SPEC_REM:
DET# 1
DETDESC# BETA MCB 129 Input 1
AP# GammaVision Version 6.09
$DATE_MEA:
03/13/2014 14:11:49
$MEAS_TIM:
161643 161780
$DATA:
0 8191
       0
       0
       0
       0
       0
       0
       0
       0
       0
       0
       0
       0
       0
       0
       0
       0
       0
       0
       0
       0
       0
       0
       0
       0
       0
       0
       0
       0
       0
       0
       0
       0
       0
       0
       0
       0
       0
       0
       0
       0
       0
       2
      82
      68
      93
     315
     839
    1138
    1480
    1946
    2512
    2995
    3211
    2892
    2795
    2471
    2297
    2305
    2411
    2435
    2414
    2459
    2404
    2494
    2474
    2441
    2311
    2283
    2281
    2262
    2180
    2175
    2209
    2119
    2120
    2132
    2186
    2111
    2105
    2140
    2101
    2064
    2046
    2077
    2055
    2033
    2069
    2069
    1980
    2068
    2079
    2025
    1941
    1964
    1969
    1968
    1987
    1969
    1942
    1996
    1932
    1967
    1857
    1983
    2001
    1965
    1914
    1943
    1964
    1905
    1911
    1877
    1913
    1854
    1902
    1880
    1938
    1870
    1854
    1844
    1867
    1948
    1997
    2008
    1916
    1921
    1863
    1853
    1864
    1913
    1917
    1847
    1842
    1879
    1790
    1810
    1803
    1864
    1983
    1953
    1971
    1944
    2035
    1961
    1895
    1850
    1953
    2008
    1970
    1949
    1948
    2140
    2226
    2163
    2202
    2085
    2173
    2099
    2191
    2208
    2156
    2170
    2214
    2279
    2374
    2232
    2382
    2435
    2323
    2303
    2425
    2305
    2300
    2264
    2268
    2294
    2414
    2366
    2313
    2412
    2410
    2449
    2524
    2442
    2581
    2629
    2631
    2590
    2725
    2653
    2806
    3055
    3085
    3086
    3030
    4065
    7327
    9557
    7260
    3896
    3055
    4629
    9867
   14111
   10107
    4013
    2351
    2209
    2474
    2641
    2372
    2152
    2170
    2209
    2260
    2090
    2164
    2096
    2141
    2218
    2462
    2824
    3006
    2923
    2628
    2349
    2327
    2731
    4113
    5755
    6367
    4705
    2962
    2295
    2313
    3041
    5008
    5681
    4257
    2645
    2170
    1995
    2353
    2682
    3364
    4925
    5825
    4207
    2492
    2061
    1998
    1909
    1860
    1827
    1945
    1845
    1913
    1895
    1830
    1897
    2035
    2533
    2983
    2688
    2212
    1978
    1903
    1882
    1954
    1897
    1855
    1968
    1930
    1913
    2081
    2243
    2440
    2869
    2987
    2732
    2187
    2073
    1949
    1923
    2004
    2181
    2326
    2342
    2163
    2024
    2031
    1973
    1941
    1931
    2024
    2001
    1926
    2030
    1924
    1955
    2005
    2008
    2108
    2320
    2308
    2148
    2099
    1959
    2080
    1968
    1905
    1901
    2034
    2052
    2025
    1986
    1907
    1990
    1960
    2041
    2027
    2025
    1996
    2016
    2027
    2044
    2089
    2038
    2186
    2155
    2184
    2136
    2174
    2182
    2119
    2172
    2163
    2206
    2443
    3518
    4844
    4210
    2881
    2147
    2140
    2279
    2250
    2171
    2137
    2166
    2082
    2118
    2169
    2193
    2084
    2162
    2163
    2167
    2074
    2172
    2160
    2162
    2154
    2140
    2156
    2250
    2112
    2200
    2109
    2123
    2118
    2235
    2204
    2173
    2054
    2145
    2116
    2201
    2218
    2219
    2183
    2136
    2179
    2185
    2289
    2316
    2213
    2118
    2149
    2188
    2199
    2152
    2234
    2145
    2190
    2201
    2289
    2259
    2172
    2205
    2193
    2136
    2193
    2203
    2417
    2633
    3034
    2692
    2316
    2182
    2138
    2075
    2184
    2124
    2051
    2054
    2127
    2042
    2224
    2093
    2084
    2005
    2029
    2046
    2031
    1970
    1971
    2054
    1962
    2007
    1991
    2011
    2054
    1975
    1939
    1987
    1946
    1998
    1932
    1951
    1926
    1914
    1937
    1862
    1987
    1971
    1954
    1937
    1945
    1955
    1890
    2002
    1895
    1924
    1891
    1905
    1921
    2009
    1910
    1959
    1939
    1885
    1824
    1910
    1953
    1932
    1923
    1859
    1936
    1888
    1963
    1920
    1866
    1891
    1888
    1961
    1869
    1952
    1944
    1874
    1905
    1885
    1968
    1878
    1985
    1886
    1996
    2093
    2162
    2984
    4800
    6131
    4803
    2795
    2021
    1800
    1864
    1832
    1910
    1793
    1843
    1860
    1775
    1862
    2025
    1903
    1932
    1821
    1838
    1828
    1876
    1840
    1831
    1780
    1819
    1814
    1889
    1841
    1886
    1755
    1746
    1838
    1773
    1809
    1858
    1973
    2135
    1939
    1863
    1787
    1834
    1771
    1767
    1691
    1724
    1728
    1748
    1729
    1893
    1810
    1768
    1754
    1757
    1743
    1715
    1766
    1702
    1651
    1689
    1805
    2706
    4751
    6019
    4526
    2446
    1746
    1654
    1677
    1606
    1633
    1635
    1640
    1621
    1562
    1628
    1500
    1590
    1592
    1698
    1759
    1751
    1611
    1685
    1535
    1607
    1567
    1567
    1554
    1566
    1590
    1568
    1530
    1591
    1630
    1579
    1581
    1489
    1581
    1549
    1536
    1601
    1551
    1616
    1545
    1533
    1492
    1469
    1608
    1499
    1487
    1538
    1518
    1519
    1595
    1461
    1501
    1495
    1493
    1541
    1466
    1564
    1452
    1418
    1508
    1470
    1522
    1548
    1433
    1460
    1494
    1535
    1455
    1483
    1468
    1476
    1519
    1843
    4017
   11993
   23227
   22970
   11678
    3622
    1679
    2091
    3245
    4345
    5858
    7917
    6941
    3627
    1771
    1194
    1178
    1163
    1252
    1200
    1211
    1274
    1185
    1152
    1115
    1156
    1076
    1146
    1186
    1173
    1113
    1176
    1154
    1174
    1126
    1112
    1083
    1166
    1145
    1224
    1171
    1156
    1112
    1152
    1130
    1125
    1099
    1104
    1102
    1200
    1079
    1078
    1112
    1093
    1237
    1433
    1474
    1363
    1223
    1118
    1119
    1076
    1045
    1051
    1105
    1007
    1093
    1095
    1047
    1114
    1111
    1022
    1063
    1013
    1045
    1088
    1070
    1025
    1055
    1022
    1046
    1069
    1024
    1192
    1958
    3333
    4179
    3011
    1694
    1136
    1048
    1007
    1009
    1032
    1024
    1077
    1157
    1233
    1252
    1130
    1077
     993
    1084
    1407
    1758
    1916
    1551
    1203
    1121
    1165
    1140
    1016
     989
     930
    1004
     980
    1003
    1007
    1060
     930
     972
     975
     975
     927
     950
     948
     979
     973
     959
     976
     995
     978
    1020
    1105
    1092
    1050
     931
     954
     905
     977
     947
     962
     988
     936
    1029
     946
     927
     964
    1024
    1935
    5596
   12313
   14888
   10013
    3703
    1363
     893
     842
     893
     853
     862
     850
     947
    1313
    2005
    2227
    1656
    1151
     898
     867
     834
     853
     849
     858
     800
     858
     854
     895
     856
     835
     880
     841
     814
     830
     777
     853
     778
     836
     800
     827
     837
     796
     835
     772
     873
     785
     819
     821
     869
     793
     825
     840
     875
     877
     828
     834
     807
     820
     808
     837
     825
     803
     825
     783
     840
     795
     858
     823
     819
     828
     886
     933
    1002
     910
     865
     875
     814
     856
     849
     835
     779
     810
     837
     788
     890
     902
    1287
    2183
    3036
    2797
    1776
    1040
     871
     799
     792
     907
     816
     780
     901
    1011
    1148
     957
     871
     830
     842
     809
     834
     793
     832
     837
     802
     831
     994
    2003
    5066
    9117
    9439
    5716
    2140
     940
     791
     968
    1019
    1009
     841
     771
     729
     757
     769
     730
     756
     763
     754
     747
     759
     746
     763
     724
     698
     727
     751
     759
     764
     871
     903
     803
     832
     835
    1404
    4463
   13097
   22649
   22338
   12155
    3890
    1144
     638
     691
     682
     655
     643
     661
     696
     624
     657
     622
     647
     649
     606
     635
     597
     666
     676
     587
     631
     611
     682
     660
     601
     620
     645
     582
     613
     665
     620
     580
     652
     609
     651
     585
     586
     619
     649
     646
     601
     651
     608
     598
     649
     618
     634
     625
     633
     631
     673
     634
     615
     629
     631
     651
     631
     633
     663
     633
     642
     639
     666
     661
     653
     630
     632
     704
     669
     616
     635
     663
     638
     641
     654
     685
     610
     655
     613
     628
     678
     622
     617
     621
     641
     636
     633
     626
     712
     789
     795
     698
     687
     713
     742
     884
     714
     741
     643
     625
     623
     602
     609
     624
     635
     630
     610
     599
     595
     632
     622
     623
     602
     666
     613
     607
     618
     613
     644
     632
     626
     607
     586
     657
     611
     628
     639
     630
     614
     631
     648
     620
     655
     613
     574
     665
     619
     659
     672
     688
     680
     661
     625
     624
     579
     626
     679
     915
    1412
    1787
    1702
    1162
     774
     608
     606
     631
     574
     604
     563
     626
     643
     640
     602
     604
     614
     609
     663
     598
     552
     587
     606
     559
     599
     611
     609
     610
     583
     590
     535
     600
     614
     585
     592
     554
     557
     595
     587
     558
     558
     542
     583
     636
     566
     570
     578
     534
     546
     550
     588
     553
     590
     601
     527
     547
     539
     544
     524
     551
     563
     527
     525
     557
     563
     528
     538
     524
     504
     501
     480
     550
     535
     532
     502
     498
     519
     511
     555
     591
     564
     572
     557
     578
     542
     526
     514
     554
     491
     482
     504
     498
     564
     466
     510
     488
     512
     495
     464
     497
     473
     465
     530
     498
     462
     555
     560
     521
     482
     466
     501
     515
     498
     521
     565
     588
     634
     568
     499
     522
     573
     621
     586
     549
     499
     506
     480
     487
     493
     476
     473
     491
     447
     463
     462
     493
     493
     522
     536
     638
    1028
    1802
    2832
    2891
    2017
     989
     546
     506
     476
     468
     488
     526
     492
     478
     463
     460
     447
     472
     481
     534
     546
     517
     488
     501
     500
     459
     474
     475
     447
     490
     460
     514
     519
     516
     482
     458
     471
     455
     506
     463
     486
     467
     494
     537
     524
     474
     491
     496
     538
     589
     568
     474
     454
     418
     431
     410
     471
     428
     433
     466
     436
     444
     449
     461
     504
     553
     613
     560
     554
     470
     445
     454
     408
     432
     426
     423
     449
     462
     426
     400
     441
     434
     426
     435
     419
     414
     447
     408
     437
     420
     414
     429
     431
     427
     438
     458
     405
     453
     409
     453
     409
     423
     417
     454
     439
     435
     464
     440
     456
     486
     514
     478
     468
     432
     412
     426
     422
     467
     446
     449
     446
     490
     579
     722
     891
     962
    1340
    2099
    2753
    2764
    2133
    1293
     986
     725
     617
     511
     487
     444
     412
     438
     428
     428
     409
     410
     407
     420
     399
     456
     413
     366
     436
     380
     452
     442
     400
     403
     416
     417
     385
     425
     450
     459
     446
     411
     419
     408
     403
     410
     386
     402
     393
     392
     399
     403
     439
     380
     376
     412
     382
     404
     366
     366
     384
     401
     425
     399
     388
     424
     478
     481
     448
     399
     424
     395
     391
     418
     410
     428
     392
     415
     407
     384
     422
     399
     386
     408
     419
     418
     391
     395
     396
     440
     459
     413
     454
     448
     422
     400
     390
     394
     419
     466
     490
     516
     468
     425
     417
     433
     376
     395
     436
     421
     407
     387
     403
     393
     414
     356
     396
     405
     392
     401
     386
     407
     418
     446
     404
     440
     382
     401
     416
     421
     365
     371
     383
     402
     392
     397
     393
     391
     390
     378
     436
     588
     753
     809
     684
     559
     452
     354
     363
     386
     395
     399
     397
     382
     392
     375
     445
     391
     424
     387
     409
     408
     388
     428
     443
     496
     482
     485
     495
     503
     480
     476
     392
     377
     396
     356
     376
     393
     422
     406
     400
     420
     417
     396
     422
     415
     447
     443
     473
     514
     540
     480
     418
     541
     761
    1796
    4068
    6406
    6785
    4823
    2300
     886
     476
     372
     420
     379
     419
     368
     344
     384
     399
     390
     376
     402
     350
     404
     412
     380
     388
     356
     359
     409
     386
     385
     402
     371
     382
     382
     376
     385
     361
     406
     401
     389
     344
     379
     363
     362
     381
     364
     435
     381
     374
     438
     345
     400
     388
     372
     386
     349
     393
     383
     390
     377
     405
     403
     404
     409
     401
     468
     397
     448
     605
    1541
    4199
    9759
   15066
   15691
   10561
    4811
    1594
     552
     391
     333
     318
     339
     358
     332
     320
     353
     335
     359
     359
     386
     388
     369
     361
     362
     347
     342
     347
     313
     356
     364
     361
     362
     348
     361
     368
     356
     327
     336
     350
     340
     342
     381
     347
     306
     347
     333
     367
     306
     355
     333
     368
     338
     305
     362
     312
     318
     355
     367
     337
     357
     317
     333
     349
     346
     338
     338
     341
     325
     324
     315
     341
     308
     343
     344
     354
     315
     329
     349
     304
     343
     352
     367
     355
     390
     362
     344
     329
     324
     340
     304
     333
     330
     319
     339
     347
     336
     321
     339
     303
     291
     368
     332
     311
     371
     328
     351
     362
     386
     324
     363
     369
     351
     318
     369
     346
     359
     318
     353
     345
     359
     318
     364
     351
     332
     338
     314
     338
     304
     326
     336
     330
     325
     360
     332
     328
     348
     382
     370
     390
     540
     661
     670
     597
     453
     381
     347
     357
     402
     424
     633
     736
     807
     621
     493
     385
     385
     340
     323
     354
     328
     319
     346
     337
     338
     337
     309
     333
     359
     361
     380
     358
     339
     352
     388
     406
     373
     379
     333
     325
     346
     316
     353
     338
     394
     328
     356
     354
     317
     392
     323
     306
     378
     348
     306
     310
     384
     363
     374
     346
     340
     331
     325
     310
     376
     321
     359
     358
     364
     323
     357
     344
     352
     401
     343
     354
     339
     357
     338
     302
     311
     354
     347
     365
     347
     347
     336
     316
     357
     329
     332
     336
     331
     342
     346
     354
     332
     353
     351
     349
     349
     378
     349
     353
     355
     383
     383
     393
     445
     453
     495
     465
     420
     386
     381
     380
     342
     329
     345
     332
     343
     383
     409
     416
     397
     373
     349
     335
     314
     341
     364
     331
     350
     336
     338
     322
     301
     344
     327
     327
     359
     338
     306
     328
     287
     309
     297
     334
     278
     292
     272
     318
     337
     364
     404
     421
     398
     371
     337
     344
     307
     337
     302
     336
     321
     311
     344
     295
     300
     309
     358
     457
     696
    1178
    1616
    1762
    1418
     842
     509
     319
     307
     303
     281
     300
     313
     301
     294
     289
     301
     284
     308
     303
     300
     337
     299
     263
     308
     287
     300
     291
     323
     328
     324
     324
     302
     303
     296
     269
     298
     295
     277
     303
     323
     316
     316
     313
     301
     339
     299
     269
     293
     289
     304
     319
     309
     305
     285
     306
     271
     288
     310
     294
     273
     272
     279
     321
     303
     269
     317
     291
     338
     297
     329
     295
     293
     303
     412
     478
     605
     593
     548
     443
     331
     300
     300
     234
     265
     321
     298
     296
     260
     273
     276
     281
     299
     310
     286
     270
     336
     359
     404
     369
     331
     313
     284
     293
     291
     318
     329
     372
     475
     840
    1277
    1570
    1436
     988
     520
     359
     301
     272
     344
     385
     585
     794
     717
     610
     390
     320
     302
     234
     233
     221
     271
     255
     270
     252
     240
     246
     260
     256
     240
     266
     252
     221
     275
     240
     262
     294
     360
     449
     442
     346
     315
     277
     238
     282
     362
     459
     632
     670
     640
     480
     370
     269
     262
     214
     255
     232
     265
     235
     244
     238
     228
     246
     229
     228
     243
     234
     253
     287
     451
     770
    1382
    1590
    1543
    1010
     602
     364
     256
     219
     237
     244
     204
     249
     260
     205
     242
     254
     199
     238
     205
     243
     235
     227
     241
     256
     234
     225
     228
     248
     275
     372
     490
     500
     487
     407
     275
     235
     221
     230
     218
     217
     227
     233
     209
     194
     205
     218
     204
     197
     204
     208
     222
     231
     228
     236
     211
     224
     216
     223
     224
     241
     236
     213
     206
     207
     217
     221
     214
     228
     230
     250
     282
     250
     255
     224
     216
     206
     212
     195
     242
     196
     224
     224
     289
     259
     247
     245
     243
     200
     212
     214
     191
     225
     248
     316
     332
     376
     385
     266
     250
     237
     198
     213
     249
     193
     246
     289
     364
     494
     681
     760
     662
     429
     279
     221
     231
     309
     319
     378
     455
     454
     460
     559
     451
     375
     280
     236
     196
     215
     220
     195
     190
     207
     198
     241
     190
     208
     206
     200
     207
     196
     212
     227
     200
     216
     199
     192
     204
     201
     206
     189
     214
     201
     175
     214
     186
     194
     209
     200
     213
     203
     209
     220
     197
     203
     186
     184
     189
     200
     212
     194
     223
     299
     454
     715
     901
     842
     662
     428
     257
     212
     181
     178
     195
     186
     174
     197
     212
     215
     206
     207
     206
     193
     195
     192
     180
     189
     188
     189
     208
     206
     217
     221
     195
     199
     190
     178
     206
     213
     203
     208
     189
     230
     209
     226
     218
     166
     198
     226
     196
     191
     183
     185
     184
     209
     191
     215
     160
     208
     233
     238
     220
     206
     210
     205
     208
     214
     200
     192
     186
     212
     204
     184
     229
     213
     206
     183
     185
     167
     200
     188
     185
     197
     195
     186
     188
     182
     197
     195
     195
     236
     265
     244
     236
     242
     218
     186
     194
     174
     194
     216
     210
     193
     193
     219
     192
     214
     215
     224
     210
     193
     218
     206
     172
     221
     206
     217
     252
     271
     359
     419
     359
     365
     313
     226
     211
     192
     209
     213
     223
     203
     204
     238
     238
     346
     894
    2081
    4512
    7087
    8243
    7241
    4549
    2122
     757
     315
     207
     164
     166
     208
     204
     178
     193
     215
     169
     202
     187
     185
     178
     165
     203
     184
     175
     157
     188
     187
     161
     168
     213
     168
     193
     179
     165
     180
     169
     190
     195
     172
     171
     198
     177
     182
     177
     184
     188
     161
     159
     205
     164
     189
     178
     173
     165
     130
     180
     170
     200
     290
     479
     699
     865
     838
     599
     403
     261
     212
     166
     168
     149
     185
     157
     165
     172
     164
     170
     178
     167
     186
     165
     168
     174
     180
     186
     167
     186
     211
     202
     184
     191
     204
     176
     181
     165
     198
     170
     177
     178
     209
     187
     198
     199
     201
     206
     185
     186
     194
     202
     202
     206
     184
     180
     160
     169
     214
     157
     170
     140
     191
     160
     186
     180
     160
     183
     212
     224
     252
     251
     235
     206
     183
     179
     190
     165
     175
     179
     192
     211
     313
     509
     865
    1320
    1557
    1519
    1073
     643
     360
     265
     295
     449
    1017
    2071
    3651
    4586
    4626
    3407
    1855
     750
     341
     181
     181
     163
     185
     161
     160
     141
     149
     145
     153
     163
     186
     158
     164
     167
     154
     169
     159
     180
     141
     142
     170
     133
     152
     157
     161
     162
     161
     153
     178
     161
     149
     181
     173
     157
     149
     136
     146
     151
     154
     153
     172
     170
     189
     194
     205
     202
     172
     174
     153
     160
     170
     145
     158
     152
     156
     148
     139
     126
     159
     169
     157
     149
     155
     140
     159
     153
     158
     162
     148
     139
     150
     162
     147
     161
     147
     209
     177
     197
     204
     189
     178
     162
     158
     142
     150
     153
     151
     162
     156
     151
     157
     146
     155
     156
     122
     154
     152
     137
     151
     154
     131
     131
     167
     144
     180
     160
     150
     136
     118
     140
     150
     169
     177
     156
     158
     155
     161
     156
     171
     160
     179
     158
     161
     150
     153
     146
     156
     157
     144
     150
     166
     161
     159
     156
     175
     170
     150
     142
     140
     137
     154
     144
     149
     138
     151
     159
     145
     148
     134
     134
     141
     152
     168
     126
     149
     159
     115
     166
     151
     143
     185
     197
     184
     198
     189
     169
     172
     141
     127
     147
     125
     145
     144
     152
     127
     143
     147
     157
     142
     153
     143
     160
     165
     168
     145
     158
     132
     136
     150
     134
     132
     152
     134
     162
     140
     147
     135
     142
     144
     155
     143
     163
     159
     159
     133
     146
     138
     156
     150
     151
     195
     208
     203
     193
     195
     191
     164
     158
     164
     146
     164
     165
     146
     126
     148
     143
     141
     137
     171
     145
     152
     163
     163
     169
     137
     143
     133
     146
     169
     138
     154
     150
     167
     172
     176
     179
     206
     224
     221
     196
     162
     156
     149
     179
     138
     137
     132
     161
     193
     184
     205
     177
     180
     157
     160
     126
     135
     135
     164
     163
     151
     154
     162
     143
     145
     155
     134
     153
     146
     164
     154
     183
     212
     213
     193
     171
     152
     183
     136
     132
     109
     148
     133
     128
     127
     147
     143
     133
     142
     134
     143
     130
     136
     133
     154
     133
     128
     161
     147
     161
     145
     129
     150
     148
     139
     146
     134
     138
     132
     144
     158
     174
     182
     167
     196
     196
     186
     177
     168
     187
     206
     140
     158
     157
     162
     160
     162
     150
     164
     136
     160
     147
     136
     137
     149
     140
     149
     181
     198
     199
     182
     177
     156
     135
     148
     147
     131
     138
     139
     139
     135
     134
     155
     145
     168
     220
     231
     230
     227
     177
     150
     165
     147
     162
     155
     174
     141
     159
     157
     159
     131
     158
     165
     156
     139
     179
     162
     239
     321
     629
    1245
    2038
    2785
    2961
    2399
    1456
     732
     395
     261
     203
     182
     156
     132
     180
     133
     153
     131
     152
     136
     158
     143
     151
     132
     148
     147
     149
     154
     133
     117
     148
     149
     136
     133
     139
     156
     152
     162
     186
     165
     172
     173
     163
     174
     169
     130
     140
     139
     158
     141
     164
     152
     157
     147
     149
     130
     151
     163
     121
     139
     147
     151
     133
     151
     125
     128
     155
     140
     128
     120
     133
     141
     137
     115
     123
     152
     137
     144
     155
     157
     148
     144
     137
     162
     135
     146
     161
     146
     140
     172
     184
     185
     242
     311
     341
     471
     450
     423
     297
     230
     156
     172
     152
     164
     138
     152
     132
     145
     142
     155
     136
     158
     154
     165
     147
     157
     148
     146
     147
     170
     176
     153
     159
     150
     162
     167
     155
     155
     153
     162
     187
     164
     145
     174
     164
     137
     154
     143
     150
     160
     198
     222
     245
     263
     279
     310
     230
     170
     166
     156
     148
     141
     139
     136
     134
     151
     160
     139
     140
     139
     157
     132
     159
     143
     144
     184
     184
     164
     157
     146
     166
     140
     152
     141
     132
     141
     142
     157
     162
     155
     144
     145
     168
     127
     122
     146
     151
     145
     143
     142
     178
     145
     168
     141
     136
     158
     158
     147
     166
     158
     141
     122
     138
     140
     155
     148
     137
     156
     153
     153
     151
     133
     133
     140
     180
     162
     158
     162
     150
     157
     146
     140
     141
     150
     147
     139
     147
     144
     167
     153
     168
     183
     164
     202
     241
     205
     197
     179
     154
     171
     155
     149
     132
     131
     141
     141
     138
     150
     150
     149
     156
     154
     143
     145
     160
     172
     143
     143
     167
     151
     160
     170
     180
     162
     169
     176
     155
     149
     154
     151
     180
     159
     141
     162
     141
     152
     163
     140
     150
     174
     151
     155
     149
     158
     152
     158
     172
     168
     148
     177
     149
     185
     147
     169
     153
     160
     158
     147
     144
     155
     146
     168
     161
     141
     165
     169
     164
     141
     144
     200
     280
     360
     623
     900
    1064
    1151
     938
     645
     356
     215
     195
     131
     157
     147
     138
     147
     148
     129
     140
     145
     133
     154
     175
     163
     163
     180
     204
     231
     211
     250
     195
     174
     144
     133
     151
     135
     150
     128
     127
     131
     138
     142
     148
     123
     171
     170
     184
     168
     154
     137
     134
     131
     118
     121
     122
     131
     119
     130
     144
     118
     123
     104
     136
     149
     127
     119
     133
     132
     111
     134
     144
     139
     119
     119
     137
     124
     118
     130
     120
     108
     122
     120
     126
     116
     117
     109
     115
     115
     117
     130
     133
     139
     119
     109
     118
     117
     122
     118
     139
     116
     141
     171
     160
     124
     119
     125
     102
     140
     111
     118
     131
     138
     137
     143
     183
     220
     279
     338
     333
     288
     225
     175
     126
     129
     119
     119
     112
     115
     131
     114
     122
     133
     139
     132
     127
     109
     148
     110
     127
     110
     101
     104
     114
     107
     116
     108
     115
     130
     111
     100
     137
      97
     106
      95
     125
     119
      94
     121
     108
     113
     113
     101
     122
     111
     105
     109
     115
     110
     136
     104
     112
     123
     101
     138
      94
     116
     125
     122
     131
     105
     128
     125
      86
     112
     102
     107
     124
      88
      92
      83
      99
     102
     122
     111
     112
     125
      97
     100
     101
     111
     114
      92
     104
     107
     104
      98
     103
     123
     111
      85
     119
     111
     125
     133
     131
      96
     111
     105
     106
      95
     112
     108
     102
     101
      94
     114
      98
      98
      96
     101
      96
     104
      98
     100
      79
     115
      86
     118
      92
      84
     108
     104
     122
      97
     103
     105
      89
     108
     101
     118
     137
     151
     173
     215
     256
     198
     136
     133
     111
     100
     110
     101
     100
     117
     112
      98
      93
      87
     127
     102
     106
     116
     106
     102
      87
      86
      87
     102
     102
     102
     107
      91
      84
      91
     102
     115
      91
     104
     103
      93
      81
     100
     111
      89
      97
     113
     126
     129
      89
     106
      96
      87
     101
      97
      93
      80
      90
     100
      88
      78
      86
     112
      76
      95
      95
      87
      84
      77
      84
     117
     104
      95
      98
      85
      81
      96
      84
      86
      91
      98
      96
      85
      89
     104
      93
     107
      79
      85
      84
      97
      87
      70
      96
     104
     101
      92
      92
      80
      87
      91
      84
      84
      87
      83
      76
      96
      77
      79
      82
     101
      98
     105
     118
     125
     117
     120
     133
     116
     154
     255
     415
     607
     713
     808
     644
     437
     285
     163
     128
      82
      85
      63
      98
      99
      72
      91
      78
      75
     100
     104
     128
     209
     173
     187
     192
     140
     121
     100
      89
      84
      78
      71
      71
      76
      79
      75
      79
      97
      87
      97
      77
      78
      84
      75
      78
      84
      80
      90
      72
      68
      75
      86
      74
      70
      73
      68
      87
      90
      86
      90
      91
     105
     128
     181
     235
     252
     284
     233
     185
     131
     113
      76
      71
      93
      90
      82
      76
      96
     141
     176
     231
     345
     393
     446
     346
     276
     183
     122
      88
      85
      81
      87
      77
      87
      80
      71
      72
      81
      64
      62
      84
      97
      94
      85
      92
      79
      84
      59
      97
      85
      72
      94
      67
      71
      92
      78
      71
      68
      80
      87
      87
      70
      72
      85
      73
      67
      70
      85
      85
     104
      67
      81
      66
      89
      77
      71
      80
      69
      90
      68
      70
      92
      69
      71
      79
      93
      83
      95
      79
      76
      73
      68
      87
     108
      77
      78
      70
      77
      73
      64
      89
      82
      72
      70
      84
      80
      67
      78
      81
      80
      80
      93
      76
      77
      59
      72
      64
      70
      74
      69
      62
      82
      91
      84
      78
      75
      64
      80
      71
      75
      82
      84
      75
      89
      87
      79
      80
      75
      77
      83
      79
      76
      85
      71
      81
      87
      94
      91
      94
      80
      89
      96
      89
     114
     136
     256
     419
     660
    1324
    2338
    3759
    4980
    5509
    5022
    3667
    2174
    1050
     453
     180
      93
      74
      76
      62
      72
      79
      74
      80
      79
      62
      60
      63
      69
      82
      79
      75
      72
      72
      73
      66
      78
      63
      55
      57
      61
      80
      79
      88
      63
      59
      85
      63
      65
      70
      57
      69
      72
      79
      78
      77
     100
      73
      75
      85
      70
      64
      66
      66
      58
      71
      78
      72
      58
      80
      83
      60
      70
      70
      56
      58
      61
      86
      64
      63
      60
      65
      72
      71
      61
      62
      69
      71
      60
      63
      74
      58
      70
      68
      65
      71
      90
      86
     132
     152
     186
     207
     204
     212
     144
      98
      71
      83
      63
      69
      87
      76
      78
      88
     115
     159
     164
     147
     127
     114
      88
      79
      76
      85
      85
      69
      62
      78
      80
      71
      71
      92
     111
     122
     204
     295
     394
     364
     334
     235
     134
     108
      87
      77
      83
      98
     125
      97
      91
      79
      70
      76
      54
      60
      65
      68
      74
      72
      61
      69
      67
      67
      57
      51
      78
      71
      53
      63
      72
      75
      57
      62
      64
      60
      59
      56
      74
      67
      62
      76
      56
      63
      76
      55
      67
      57
      62
      58
      64
      82
      90
      77
      63
      52
      63
      73
      69
      50
      77
      57
      69
      57
      61
      52
      77
      57
      71
      62
      78
      71
      77
      95
      91
     130
     112
     131
     125
      92
      92
      71
      65
      72
      64
      88
      85
     110
     120
     133
     118
     108
      91
      63
      53
      49
      65
      55
      45
      52
      53
      63
      64
      82
      55
      57
      64
      60
      58
      47
      56
      62
      39
      55
      50
      53
      53
      58
      59
      53
      51
      60
      57
      71
      67
      91
      82
      62
      69
      54
      48
      49
      48
      59
      47
      47
      59
      55
      46
      48
      46
      43
      53
      60
      62
      60
      54
      45
      48
      45
      46
      60
      49
      49
      53
      59
      46
      42
      46
      53
      60
      46
      52
      49
      67
      48
      41
      57
      61
      55
      58
      51
      46
      56
      54
      64
      42
      58
      61
      43
      50
      55
      72
      77
      78
     118
     151
     148
     156
     112
     101
     112
     112
     135
     154
     148
     112
      88
      71
      78
      74
      85
     115
     196
     276
     426
     545
     551
     539
     405
     271
     168
     110
      54
      59
      75
     110
     116
     141
     187
     155
     113
     113
      88
      80
      89
      67
      54
      71
      54
      47
      32
      65
      58
      65
      77
      92
      75
      89
      62
      60
      57
      60
      36
      47
      57
      51
      57
      49
      56
      44
      52
      53
      40
      57
      56
      38
      45
      48
      44
      57
      64
      47
      46
      47
      44
      49
      47
      42
      47
      47
      47
      41
      46
      46
      37
      53
      50
      59
      48
      46
      63
      55
      51
      51
      47
      55
      57
      60
      75
     121
     127
     179
     176
     166
     125
      89
      76
      49
      54
      55
      73
      79
      76
      96
      85
      69
      61
      50
      45
      50
      24
      53
      52
      78
     110
     180
     223
     307
     292
     304
     214
     170
      99
      57
      57
      40
      42
      35
      38
      33
      35
      37
      37
      50
      46
      63
      98
     131
     111
     136
      99
      74
      56
      47
      48
      40
      45
      47
      37
      32
      40
      37
      40
      42
      38
      36
      45
      31
      37
      43
      37
      34
      35
      29
      36
      35
      37
      48
      34
      33
      29
      42
      26
      33
      41
      31
      32
      34
      32
      42
      37
      37
      30
      34
      41
      38
      34
      40
      37
      48
      38
      28
      51
      50
      52
      64
     108
     111
     176
     177
     158
     136
      73
      53
      51
      43
      41
      29
      37
      46
      48
      46
      55
      70
      59
      50
      37
      38
      37
      29
      29
      38
      32
      30
      37
      41
      33
      39
      30
      38
      40
      43
      38
      32
      39
      32
      41
      38
      41
      24
      41
      33
      54
      48
      40
      35
      41
      48
      35
      31
      40
      35
      29
      32
      42
      26
      36
      53
      59
      55
      65
      51
      53
      55
      41
      47
      39
      37
      45
      35
      41
      39
      50
      36
      34
      42
      36
      40
      39
      34
      47
      61
      51
      61
      56
      45
      49
      63
      48
      39
      26
      35
      30
      26
      33
      28
      32
      25
      35
      43
      40
      38
      42
      34
      39
      39
      52
      31
      44
      38
      29
      33
      40
      32
      24
      30
      22
      37
      26
      34
      29
      30
      33
      27
      35
      35
      36
      27
      33
      36
      33
      28
      32
      40
      26
      44
      32
      33
      35
      22
      42
      42
      37
      28
      24
      32
      30
      31
      20
      47
      29
      32
      29
      44
      33
      26
      46
      41
      41
      44
      34
      37
      34
      40
      36
      34
      35
      36
      41
      40
      39
      32
      51
      58
      75
     146
     219
     306
     400
     441
     443
     332
     238
     121
      63
      67
      36
      22
      30
      31
      24
      23
      31
      22
      33
      23
      31
      28
      23
      42
      36
      38
      47
      36
      33
      32
      31
      32
      36
      37
      35
      30
      31
      39
      31
      42
      24
      39
      31
      40
      35
      39
      32
      30
      29
      33
      31
      29
      41
      33
      26
      36
      31
      36
      42
      36
      37
      40
      34
      31
      31
      28
      37
      34
      29
      28
      40
      36
      30
      37
      28
      36
      27
      34
      31
      42
      38
      30
      32
      41
      34
      40
      32
      66
      88
     139
     251
     490
     821
    1247
    1669
    1915
    1824
    1442
     962
     588
     292
     126
      75
      40
      36
      34
      20
      43
      26
      29
      30
      24
      42
      21
      29
      26
      20
      34
      23
      21
      27
      30
      22
      26
      29
      17
      22
      32
      19
      22
      21
      22
      28
      31
      30
      23
      22
      33
      38
      22
      29
      22
      26
      40
      25
      46
      26
      25
      35
      18
      29
      36
      26
      17
      34
      30
      34
      19
      26
      31
      26
      21
      25
      25
      26
      27
      37
      29
      24
      25
      27
      26
      42
      30
      19
      30
      30
      35
      22
      26
      21
      29
      22
      23
      39
      32
      30
      26
      30
      26
      26
      25
      30
      22
      33
      29
      29
      28
      25
      32
      30
      33
      34
      36
      38
      41
      29
      42
      30
      31
      33
      36
      25
      33
      32
      21
      33
      27
      21
      33
      26
      30
      25
      22
      22
      25
      27
      36
      30
      36
      31
      25
      37
      22
      31
      28
      26
      27
      31
      29
      29
      19
      34
      34
      31
      26
      27
      37
      39
      37
      24
      38
      26
      42
      45
      33
      31
      27
      23
      26
      27
      24
      34
      36
      42
      34
      24
      36
      23
      32
      41
      25
      26
      18
      29
      30
      35
      33
      15
      26
      38
      42
      32
      36
      27
      41
      38
      55
      50
      58
      66
      60
      45
      43
      32
      39
      39
      43
      32
      33
      28
      40
      37
      17
      41
      25
      37
      23
      46
      74
     108
     152
     191
     262
     296
     280
     233
     148
      86
      56
      40
      25
      37
      28
      32
      37
      28
      24
      30
      22
      31
      17
      24
      23
      27
      25
      25
      27
      35
      26
      23
      38
      26
      24
      21
      29
      32
      45
      30
      23
      29
      30
      27
      25
      31
      27
      30
      23
      33
      22
      35
      29
      22
      29
      23
      26
      26
      30
      26
      41
      35
      33
      22
      21
      26
      32
      31
      31
      36
      33
      58
      44
      46
      47
      47
      31
      21
      33
      28
      27
      31
      27
      23
      27
      29
      25
      28
      32
      28
      23
      21
      19
      21
      28
      19
      20
      26
      28
      46
      30
      27
      20
      29
      32
      35
      31
      36
      45
      45
      42
      41
      26
      25
      34
      40
      34
      37
      49
      51
      36
      29
      31
      27
      34
      27
      31
      22
      33
      29
      29
      43
      40
      47
      45
      39
      35
      38
      38
      39
      32
      34
      25
      37
      33
      25
      27
      27
      26
      23
      30
      35
      25
      31
      21
      29
      31
      32
      32
      27
      23
      30
      24
      21
      28
      24
      23
      29
      25
      37
      29
      27
      25
      30
      31
      33
      33
      36
      29
      37
      35
      31
      27
      25
      24
      21
      34
      23
      34
      28
      22
      23
      33
      32
      29
      29
      33
      29
      29
      27
      29
      26
      35
      30
      36
      33
      36
      33
      36
      25
      34
      32
      34
      26
      32
      23
      27
      25
      24
      29
      37
      25
      37
      27
      34
      23
      31
      26
      29
      27
      28
      26
      27
      29
      40
      41
      31
      36
      31
      33
      48
      40
      38
      32
      31
      38
      37
      27
      29
      36
      37
      26
      29
      25
      30
      28
      43
      25
      32
      33
      41
      30
      21
      41
      33
      37
      34
      19
      26
      22
      30
      26
      28
      32
      29
      22
      19
      26
      28
      42
      34
      33
      33
      36
      31
      34
      34
      29
      24
      25
      29
      35
      26
      32
      24
      16
      27
      24
      25
      30
      28
      41
      27
      27
      40
      35
      25
      24
      18
      24
      27
      34
      26
      31
      29
      35
      21
      35
      38
      30
      30
      28
      36
      25
      24
      34
      33
      32
      26
      32
      22
      21
      29
      27
      23
      30
      22
      18
      21
      28
      43
      26
      37
      39
      27
      32
      28
      25
      18
      33
      26
      22
      33
      31
      26
      23
      23
      31
      28
      37
      22
      27
      25
      23
      25
      28
      26
      19
      21
      34
      25
      19
      23
      28
      27
      31
      24
      26
      23
      29
      20
      23
      26
      27
      19
      21
      22
      31
      22
      27
      22
      29
      28
      26
      41
      20
      25
      33
      28
      20
      22
      26
      23
      26
      25
      16
      26
      21
      25
      30
      27
      29
      26
      31
      30
      19
      32
      31
      33
      20
      28
      19
      31
      21
      34
      22
      22
      33
      32
      22
      23
      32
      28
      17
      38
      32
      22
      36
      21
      32
      22
      38
      30
      22
      27
      30
      26
      14
      17
      31
      28
      33
      36
      41
      33
      30
      30
      30
      36
      25
      18
      16
      18
      22
      18
      26
      29
      32
      30
      21
      30
      24
      20
      36
      28
      26
      21
      25
      22
      21
      29
      25
      21
      27
      23
      18
      19
      23
      23
      26
      21
      26
      22
      27
      29
      23
      10
      16
      24
      23
      19
      17
      27
      25
      21
      21
      16
      19
      27
      25
      30
      25
      24
      19
      31
      22
      12
      21
      26
      25
      23
      28
      20
      31
      10
      20
      20
      19
      21
      30
      32
      21
      18
      15
      26
      16
      18
      34
      17
      20
      25
      21
      26
      24
      25
      30
      25
      28
      28
      40
      28
      32
      31
      15
      25
      16
      35
      17
      25
      25
      23
       9
      24
      24
      17
      21
      20
      18
      22
      24
      16
      24
      16
      25
      23
      37
      32
      27
      16
      18
      24
      21
      27
      28
      19
      25
      23
      20
      25
      26
      24
      17
      27
      21
      16
      18
      25
      28
      26
      28
      22
      19
      26
      20
      24
      21
      18
      22
      36
      21
      17
      26
      16
      21
      22
      22
      27
      21
      26
      23
      18
      25
      22
      27
      18
      29
      21
      21
      22
      18
      23
      17
      17
      24
      28
      31
      31
      27
      30
      20
      24
      32
      21
      30
      21
      30
      21
      22
      26
      30
      17
      17
      25
      18
      16
      16
      16
      17
      14
      23
      23
      19
      26
      29
      21
      20
      24
      22
      21
      23
      28
      32
      36
      47
      37
      70
      81
     111
     130
     133
     149
     185
     143
     143
     139
     103
      77
      56
      47
      42
      26
      29
      20
      24
      26
      40
      28
      42
      27
      39
      21
      21
      18
      35
      36
      19
      28
      27
      22
      25
      35
      19
      30
      25
      34
      45
      63
      88
      98
     124
     139
     114
      89
      93
      58
      34
      28
      31
      16
      23
      21
      25
      23
      30
      23
      20
      17
      30
      13
      23
      30
      20
      26
      20
      33
      24
      26
      18
      21
      30
      28
      18
      26
      25
      23
      21
      27
      36
      31
      15
      11
      21
      28
      24
      18
      28
      29
      28
      21
      27
      23
      21
      19
      21
      30
      21
      20
      17
      24
      29
      28
      23
      18
      34
      18
      24
      25
      18
      29
      26
      27
      24
      20
      27
      24
      20
      21
      27
      22
      28
      22
      36
      26
      27
      25
      32
      28
      26
      30
      18
      28
      22
      24
      29
      16
      25
      30
      20
      19
      32
      21
      23
      24
      28
      26
      23
      17
      20
      26
      17
      31
      30
      23
      22
      16
      18
      28
      22
      19
      24
      21
      29
      27
      20
      27
      25
      31
      19
      30
      20
      22
      18
      28
      32
      27
      25
      32
      16
      24
      25
      16
      17
      24
      33
      24
      24
      34
      26
      18
      28
      28
      18
      32
      33
      20
      29
      27
      12
      30
      19
      24
      18
      16
      29
      28
      26
      22
      28
      27
      26
      19
      23
      27
      27
      29
      28
      18
      28
      28
      29
      24
      23
      16
      19
      23
      19
      24
      29
      27
      14
      26
      31
      27
      33
      24
      36
      35
      21
      33
      15
      30
      21
      20
      32
      32
      35
      21
      33
      19
      23
      29
      28
      30
      28
      30
      15
      20
      39
      41
      56
      64
     135
     186
     262
     408
     453
     474
     467
     361
     215
     153
      78
      55
      44
      29
      17
      25
      29
      23
      22
      36
      17
      25
      24
      24
      27
      21
      21
      17
      27
      27
      27
      20
      20
      24
      20
      22
      22
      19
      33
      20
      30
      21
      20
      31
      31
      22
      35
      21
      27
      23
      25
      23
      30
      26
      17
      31
      20
      18
      27
      21
      24
      19
      29
      21
      25
      22
      25
      23
      20
      40
      17
      28
      19
      20
      23
      24
      23
      21
      28
      30
      23
      28
      18
      19
      22
      25
      26
      31
      23
      21
      40
      20
      25
      29
      30
      21
      22
      33
      24
      21
      25
      19
      19
      36
      26
      22
      28
      22
      27
      25
      31
      32
      20
      27
      20
      21
      22
      27
      29
      21
      27
      23
      22
      20
      34
      34
      30
      22
      24
      28
      19
      29
      23
      30
      34
      25
      21
      22
      21
      20
      26
      21
      21
      24
      25
      28
      24
      27
      19
      25
      27
      27
      17
      23
      29
      24
      28
      30
      24
      29
      13
      28
      25
      22
      30
      34
      23
      25
      25
      31
      32
      19
      30
      29
      24
      22
      24
      25
      29
      34
      29
      27
      28
      34
      20
      35
      29
      31
      23
      26
      22
      20
      33
      27
      24
      22
      21
      28
      27
      26
      30
      31
      28
      33
      20
      21
      21
      25
      33
      29
      19
      32
      26
      28
      24
      29
      32
      30
      33
      21
      29
      22
      35
      20
      30
      33
      32
      29
      30
      29
      28
      28
      27
      31
      34
      33
      29
      47
      47
      64
      37
      55
      58
      40
      33
      27
      33
      30
      22
      33
      18
      29
      33
      29
      30
      25
      25
      26
      26
      41
      29
      21
      25
      32
      20
      25
      35
      28
      35
      28
      26
      28
      25
      34
      24
      31
      26
      25
      30
      31
      23
      28
      27
      39
      23
      21
      27
      22
      31
      25
      26
      32
      26
      28
      27
      22
      24
      26
      35
      27
      31
      19
      24
      29
      28
      24
      33
      26
      31
      25
      21
      21
      33
      26
      34
      23
      30
      25
      26
      15
      21
      24
      23
      23
      25
      24
      32
      31
      22
      24
      29
      22
      21
      29
      24
      34
      30
      32
      37
      35
      36
      21
      30
      37
      27
      32
      21
      34
      31
      26
      29
      29
      29
      24
      26
      27
      28
      37
      26
      36
      20
      31
      21
      23
      29
      30
      19
      34
      28
      25
      28
      32
      29
      32
      36
      27
      24
      32
      19
      23
      25
      37
      27
      15
      27
      33
      32
      37
      25
      36
      27
      29
      29
      36
      25
      28
      34
      31
      28
      36
      25
      31
      36
      31
      24
      27
      31
      35
      27
      32
      27
      22
      37
      28
      25
      37
      29
      49
      35
      40
      28
      21
      31
      38
      36
      31
      41
      33
      31
      27
      31
      33
      31
      36
      30
      33
      23
      26
      24
      38
      34
      30
      31
      34
      29
      33
      30
      24
      28
      23
      27
      29
      32
      29
      23
      22
      37
      27
      27
      27
      30
      28
      29
      24
      22
      29
      29
      41
      28
      36
      29
      38
      28
      41
      20
      22
      38
      27
      24
      27
      16
      27
      22
      24
      28
      24
      27
      28
      25
      30
      21
      25
      21
      20
      25
      18
      25
      25
      22
      21
      27
      28
      25
      31
      24
      26
      17
      32
      25
      27
      27
      17
      23
      22
      23
      24
      23
      19
      23
      23
      24
      25
      19
      21
      18
      20
      18
      26
      17
      22
      20
      18
      16
      18
      28
      22
      19
      22
      21
      25
      16
      20
      29
      22
      23
      26
      33
      16
      28
      20
      26
      25
      15
      18
      29
      22
      16
      22
      23
      19
      26
      18
      17
      19
      22
      29
      21
      19
      25
      16
      19
      29
      17
      33
      22
      16
      28
      19
      26
      26
      19
      23
      18
      28
      22
      18
      25
      23
      22
      21
      23
      25
      13
      20
      19
      20
      23
      13
      22
      17
      20
      22
      21
      25
      22
      14
      24
      20
      17
      19
      18
      17
      22
      16
      15
      17
      17
      16
      17
      18
      20
      15
      25
      21
      21
      14
      24
      22
      19
      27
      19
      13
      14
      21
      18
      22
      18
      23
      21
      24
      22
      45
      40
      67
      75
      87
     113
     130
     137
     116
     126
      92
      44
      50
      31
      21
      15
      15
      19
      20
      24
      13
      21
      12
      14
      21
      16
      13
      17
      22
      19
       8
      16
      10
      25
      28
      13
      15
      15
      16
      16
      11
      12
      17
      23
      14
      17
      10
      17
      16
       8
      17
      15
      13
      13
      17
       6
      15
      16
      10
      12
      18
      11
      14
      14
      15
      13
      14
      10
      17
      15
      15
      15
      14
      13
      16
      19
      14
      14
      13
      15
      12
      14
      13
      15
      12
      14
      14
      15
      13
      19
      15
      15
      16
      23
       8
      17
      10
      14
      17
      15
      18
      17
       9
      14
      19
      17
       7
      10
      10
      17
      11
      15
      10
      12
      14
      16
      10
      14
      13
       7
      21
      19
      13
      18
      18
      20
      15
       9
      13
      11
      12
      10
       6
       9
      11
      14
      12
      12
       8
      10
      15
      20
      11
      10
       9
      15
       9
      10
       8
      15
      12
       8
      10
      11
      15
      11
       8
      14
      10
      15
       8
      14
       8
       9
      10
       7
      18
       7
       8
       8
       8
      10
      16
      10
      16
       8
      10
      13
       9
      13
       4
      10
       7
       7
       5
      10
      15
       5
      13
       9
      11
      11
       8
       5
      10
       8
      10
       7
       7
       8
       8
       3
      10
       7
       4
       2
      12
       8
       9
       7
      11
       6
       7
      10
       9
      11
      11
       5
       7
      14
       8
       6
      17
      10
      14
      15
      11
       3
       4
      12
       8
       8
      10
      11
       9
       8
      12
       6
      14
      10
      16
       7
      15
       9
      12
       8
      10
      10
       8
       4
       7
      13
       8
       6
       6
       6
       6
      12
      10
       5
      17
      12
      12
       7
      10
      12
       7
       5
       7
      11
       6
       9
       7
       9
      10
       6
      13
       7
       9
       9
       6
       8
       7
      10
       8
      10
       9
       6
      12
       3
       6
       7
       3
       8
      10
      10
      10
       8
       7
       7
      12
       8
       5
      10
       6
       3
       9
       7
       2
       6
       7
      11
       7
       7
       9
       9
       7
      10
      14
      11
       5
      11
      10
       6
       6
       9
       5
      12
       4
       3
       7
      10
       7
       6
       2
       5
       7
       8
       3
       6
       6
       9
       5
       5
      10
       5
      11
       3
       5
       6
       5
       7
       9
       6
       9
       6
       5
       9
       6
       1
       7
       8
       9
      12
       9
      10
      10
      13
      10
       2
       5
       7
       6
       8
       8
      10
       4
       8
      10
       6
       6
       5
       6
       7
      11
       9
       7
       6
       8
       6
       4
      10
       7
       2
      13
       8
       6
      11
       8
       5
       8
       7
       4
       7
      12
       6
      10
       8
       7
       4
       8
      11
      13
      10
      14
      11
      10
      11
      12
      12
       9
       9
      13
      12
       9
      16
      14
      16
      14
      15
      15
      12
      13
      19
      17
      22
      19
      37
      67
     109
     142
     271
     472
     759
     910
    1123
    1377
    1505
    1292
    1028
     746
     520
     286
     140
      72
      30
      16
      14
       7
       7
       9
      11
       6
       5
       7
       7
       5
       3
       7
       5
       9
       5
       6
       4
       2
       6
       6
       6
       4
       7
      12
       2
       2
       7
       5
       6
       5
       5
       6
       4
       6
      11
       8
       4
       7
       7
       2
       4
       5
       6
       4
       3
       5
       7
      11
       4
       8
       4
       2
       3
       7
       8
       6
       4
       9
       4
       1
       8
       5
       1
       5
       4
       8
       8
       6
       8
       2
       9
       9
       4
       6
       3
      10
       7
       3
       8
       3
       2
       3
       2
       4
       6
       2
       6
       7
       5
       3
       4
       7
       1
       2
       3
       7
       6
       4
       4
       3
       4
       4
       5
       7
       2
       6
       7
       5
       6
       6
       3
       4
       4
       6
       9
       7
       6
       5
       1
       7
       8
       7
       5
       8
       3
       7
       4
       7
       8
       6
       0
       5
       2
       3
       4
       7
       4
       5
       9
       9
       8
       4
       5
       2
       6
       3
       2
       3
       3
       4
       7
       4
       3
       5
       7
       7
       9
       1
       5
       3
       5
       2
       2
       5
       5
       7
       3
       3
       3
       5
       9
       3
       9
       3
       6
       3
       9
       4
       7
       4
      11
      12
      13
       9
      11
       7
      14
      11
       8
       6
       6
       5
       6
       6
       6
       7
       4
       2
       5
       9
       8
      13
       8
       3
       6
       8
       4
       2
       3
       4
       5
       5
       6
       6
       7
      11
       4
       3
       6
       5
       0
       4
       7
       6
       3
       6
       3
      11
       7
       6
       9
       7
       5
       7
       7
       4
       5
       6
       1
       4
       2
       6
       8
       4
       4
       4
       2
       4
       1
       5
       4
       7
       5
       6
       6
       5
       4
       4
       7
       4
       8
       4
       5
       7
       3
       5
       9
       7
       6
       2
       4
       5
       5
       4
       3
       6
       8
       3
       6
       3
       3
       7
       5
       3
       6
       6
       5
       5
       5
       5
       4
       6
       6
       3
       6
       7
       9
       6
       4
       7
       6
       4
       5
       5
       4
       6
       2
       6
       3
       6
       3
       9
       5
       4
       5
       3
       5
       5
       3
       5
       0
       7
       6
       6
       2
       4
       6
       4
       4
       5
       8
       1
       5
       6
       7
       5
       3
       7
       4
       4
       4
       3
       5
       2
       3
       6
       5
       6
       5
       8
       3
       4
       5
       4
       5
       3
       3
       8
       2
       3
       1
       2
       2
       4
       1
       5
       4
       5
       3
       3
      10
       5
       6
       2
       4
       9
       9
       9
       1
       5
       4
       3
       5
      10
       4
       5
       3
       9
       5
       6
       2
       5
       6
       4
       3
       8
       6
       7
       6
      12
       5
       5
       5
       2
      10
       2
       3
       6
       5
       8
       4
       2
       9
       3
       5
       5
       6
       8
       4
       3
       2
       3
       6
       1
       8
       7
       3
       7
       2
       5
       5
      10
       2
       4
       5
       3
       6
       5
       4
       3
       8
       9
       2
       3
       3
       6
       6
       2
       3
       1
       8
       4
       6
       1
       6
       7
       4
       4
       3
       4
       4
       6
       6
       2
       3
       2
       5
       5
       2
       6
       4
       1
       7
       5
       6
       8
       1
       5
       3
       7
       3
       4
       7
       4
       7
       4
       6
      11
       3
       4
       4
       4
       7
       5
       3
       5
       5
       5
       7
       5
       2
       4
       1
       2
       6
       7
       5
       5
       6
       3
       3
       5
       5
       4
       4
      10
       9
       7
       5
       9
       2
       6
       1
       3
       6
       3
       3
       2
       7
       7
       2
       3
       0
       4
       3
       3
       3
       1
       5
       6
       3
       2
       2
       3
       3
       3
       4
       3
       4
       2
       3
       2
       2
       5
       5
       8
       5
       3
       9
       6
       9
       5
       6
       1
       3
       4
       2
       6
       6
       4
       4
       3
       3
       7
       6
       5
       1
       6
       3
       3
       5
       6
       7
       8
       5
       4
       5
       5
       7
       2
       6
       4
       3
       6
       4
       5
       5
       4
       5
       2
       4
       4
       1
       5
       5
       4
       4
       3
       8
       5
       5
       2
       8
       1
       6
       2
       4
       5
       7
       1
       5
       2
       8
       4
       5
       6
       2
       5
       3
       3
       8
       2
       5
       8
       4
       5
       5
       5
       3
       8
       5
       6
       4
       5
       1
       6
       2
       3
       4
       1
       7
       3
       4
       6
       6
       5
       5
       7
       5
       2
       3
       3
       5
       4
       1
       3
       5
       3
       2
       4
       1
       3
       1
       2
       5
       5
       1
       2
       3
       4
       3
       1
       4
       5
       3
       2
       4
       3
       5
       2
       7
       5
       4
       7
       4
       6
       7
       2
       6
       7
       6
       5
       1
       3
       7
       4
       9
       2
       3
       5
       2
       9
       5
       4
       4
       5
       2
       3
       4
       6
       8
       8
       8
       9
       5
       7
       6
       3
       6
       6
       3
       5
       2
       3
       1
       2
       3
       5
       4
       7
       5
       6
       2
       6
       1
       1
       5
       2
       1
       2
       2
       4
       2
       2
       3
       3
       1
       3
       9
       2
       2
       4
       2
       4
       3
       7
       4
       5
       8
       5
       5
       2
       4
       4
       2
       3
       5
       2
       2
       6
       3
       3
       5
       6
       3
       6
       5
       1
       3
       4
       2
       2
       4
       3
       1
       3
       6
       7
       5
      10
       9
       3
       2
       3
       5
       7
       2
       4
       3
       2
       3
       5
       5
       4
       5
       3
       7
       2
       5
       2
       5
       2
       6
       3
       4
       3
       2
       4
       5
       4
       4
       6
       4
       3
       1
       1
       5
       2
       5
       6
       7
       3
       3
       5
       5
       0
       2
       2
       6
       8
       1
       5
       3
       6
       5
       2
       4
       4
       4
       4
       5
       2
       3
       3
       5
       5
       6
       5
       2
       3
       3
       4
       6
      10
       2
       5
       3
       4
       2
       6
       3
       4
       4
       2
       3
       7
       5
       1
       4
       3
       4
       3
       1
       3
       5
       2
       3
       4
       3
       3
       1
       6
       2
       3
       2
       6
       4
       7
       4
       4
       3
       1
       6
       5
       4
       3
       0
       7
       3
       4
       4
       4
       3
       3
       6
       2
       4
       2
       3
       4
       2
       4
       3
       7
       5
       1
       9
       4
       3
       5
       3
      11
       4
       2
       7
       2
       3
       1
       2
       4
       6
       6
       0
       5
       3
       4
       4
       7
       4
       4
       2
      12
       3
       1
       5
       7
       5
       3
       2
       6
       3
       5
       2
       5
       6
       4
       2
       1
       4
       3
       4
       3
       2
       2
       3
       2
       2
       2
       3
       6
       6
       3
       4
       2
       0
       3
       4
       3
       1
       2
       4
       3
       3
       4
       3
       3
       5
       2
      10
       1
       1
       5
       2
       1
       3
       3
       4
       7
       3
       3
       5
       3
       1
       5
       3
       1
       3
       4
       5
       3
       2
       1
       4
       2
       1
       1
       3
       5
       6
       6
       1
       3
       2
       4
       6
       2
       1
       4
       5
       5
       6
       2
       1
       4
       1
       2
       5
       2
       6
       5
       4
       2
       4
       3
       3
       4
       1
       3
       4
       5
       5
       4
       3
       5
       3
       3
       3
       4
       2
       0
       2
       1
       4
       4
       3
       4
       2
       5
       4
       3
       2
       6
       1
       3
       5
       8
       2
       4
       8
       3
       3
       5
       2
       4
       3
       3
       2
       3
       4
       3
       7
       2
       2
       1
       3
       0
       1
       5
       1
       1
       3
       2
       4
       4
       2
       2
       1
       1
       2
       4
       5
       4
       3
       4
       2
       5
       3
       1
       5
       3
       4
       3
       5
       4
       2
       3
       9
       4
       2
       1
       6
       5
       3
       4
       3
       5
       0
       0
       0
       0
       0
       0
       0
       0
       0
       0
       0
       0
       0
       0
       0
       0
       0
       0
       0
       0
       0
       0
       0
       0
       0
       0
       0
       0
       0
       0
       0
       0
       0
       0
       0
       0
       0
       0
       0
       0
       0
       0
       0
       0
       0
       0
       0
       0
       0
       0
       0
       0
       0
       0
       0
       0
       0
       0
       0
       0
       0
       0
       0
       0
       0
       0
       0
       0
       0
       0
       0
       0
       0
       0
       0
       0
       0
       0
       0
       0
       0
       0
       0
       0
       0
       0
       0
       0
       0
       0
       0
       0
       0
       0
       0
       0
       0
       0
       0
       0
       0
       0
       0
       0
       0
       0
       0
       0
       0
       0
       0
       0
       0
       0
       0
       0
       0
       0
       0
       0
       0
       0
       0
       0
       0
       0
       0
       0
$ROI:
48
177 185
241 249
313 322
467 476
487 496
507 516
605 614
625 634
653 662
741 755
774 788
803 817
844 858
889 903
923 937
956 970
1505 1518
1530 1544
1568 1584
1600 1616
1639 1655
1706 1720
1737 1751
1780 1794
2363 2378
2396 2412
2435 2450
2519 2532
2551 2565
2587 2601
2912 2927
2949 2964
2992 3006
3061 3075
3088 3102
3116 3130
3475 3488
3509 3522
3548 3561
3800 3821
3843 3864
3904 3925
4606 4625
4646 4667
4707 4727
6827 6853
6883 6909
6954 6980
$PRESETS:
None
0
0
$ENER_FIT:
0.200042 0.378074
$MCA_CAL:
3
2.000416E-001 3.780739E-001 1.596453E-008 keV
$SHAPE_CAL:
3
2.091645E+000 1.039361E-003 -4.171630E-008
