$SPEC_ID:
No sample description was entered.
$SPEC_REM:
DET# 1
DETDESC# BETA MCB 129 Input 1
AP# GammaVision Version 6.09
$DATE_MEA:
05/20/2014 13:14:13
$MEAS_TIM:
80000 80113
$DATA:
0 8191
       0
       0
       0
       0
       0
       0
       0
       0
       0
       0
       0
       0
       0
       0
       0
       0
       0
       0
       0
       0
       0
       0
       0
       0
       0
       0
       0
       0
       0
       0
       0
       0
       0
       0
       0
       0
       0
       0
       0
       0
       0
       0
      47
      26
      48
     193
     679
    1022
    1394
    1843
    2519
    2954
    3076
    2970
    2558
    2415
    2225
    2275
    2222
    2298
    2342
    2285
    2265
    2258
    2213
    2173
    2146
    2037
    2183
    2093
    2029
    2079
    2018
    1985
    2005
    2069
    1927
    2010
    2057
    1956
    1938
    1998
    1823
    1932
    1923
    1822
    1855
    1824
    1893
    1830
    1855
    1850
    1859
    1873
    1818
    1790
    1859
    1812
    1808
    1753
    1790
    1774
    1772
    1822
    1775
    1809
    1746
    1834
    1823
    1799
    1703
    1733
    1821
    1709
    1737
    1773
    1783
    1790
    1749
    1711
    1777
    1890
    2028
    1899
    1729
    1674
    1669
    1714
    1721
    1606
    1702
    1753
    1777
    1754
    1696
    1654
    1744
    1770
    1814
    1858
    1837
    1754
    1786
    1798
    1686
    1793
    1767
    1711
    1777
    1785
    1896
    1816
    1877
    1929
    1977
    1933
    1922
    2016
    1965
    1931
    1967
    1996
    2059
    2076
    2214
    2562
    3162
    3191
    2641
    2084
    2056
    2018
    2101
    2268
    2125
    2177
    2184
    2306
    2360
    2424
    2330
    2256
    2332
    2297
    2397
    2318
    2491
    2486
    2404
    2567
    2773
    2857
    2875
    2818
    2885
    4176
    7843
    9636
    7229
    3975
    3020
    5025
   10986
   14307
   10378
    4346
    2287
    2129
    2452
    2460
    2332
    2100
    2201
    2517
    2424
    2139
    1957
    1990
    2131
    2373
    3105
    3640
    3542
    3014
    2455
    2252
    2212
    2742
    4172
    6073
    6289
    4780
    2820
    2223
    2250
    3083
    4397
    4896
    3884
    2470
    2050
    2048
    3136
    4942
    6126
    6134
    4956
    3479
    2411
    2221
    2213
    1916
    1755
    1712
    1729
    1666
    1724
    1790
    1956
    1941
    1931
    2167
    2332
    2191
    1856
    1654
    1700
    1681
    1615
    1724
    1617
    1676
    1742
    1700
    1721
    1874
    2115
    2266
    2429
    2214
    1947
    1726
    1775
    1687
    1692
    1889
    1999
    1888
    1922
    1845
    1746
    1770
    1761
    1743
    1775
    1805
    1893
    1952
    1927
    1803
    1732
    1777
    1797
    2145
    2073
    1826
    1651
    1699
    1729
    1659
    1658
    1705
    1645
    1655
    1675
    1643
    1678
    1679
    1670
    1689
    1731
    1672
    1772
    1809
    1765
    1723
    1863
    1781
    1801
    1778
    1884
    1831
    1808
    1890
    1881
    1852
    1865
    1914
    2067
    2869
    3473
    3188
    2281
    1933
    1810
    1861
    1874
    1942
    1878
    1827
    1811
    1795
    1841
    1873
    1879
    1784
    1793
    1805
    1838
    1813
    1812
    1768
    1830
    1797
    1886
    1788
    1852
    1826
    1803
    1893
    1793
    1830
    1835
    1845
    1806
    1815
    1918
    1964
    2281
    2649
    2514
    2100
    1847
    1768
    1881
    1870
    1810
    1797
    1822
    1789
    1708
    1803
    1785
    1765
    1753
    1789
    1803
    1942
    1762
    1796
    1872
    1830
    1834
    1799
    1964
    2284
    2579
    2475
    1970
    1790
    1789
    1771
    1731
    1728
    1706
    1752
    1684
    1723
    1776
    1679
    1695
    1666
    1664
    1709
    1657
    1607
    1768
    1656
    1653
    1768
    1925
    1900
    1690
    1597
    1627
    1583
    1569
    1707
    1731
    1703
    1577
    1626
    1595
    1534
    1657
    1579
    1518
    1552
    1528
    1599
    1605
    1627
    1614
    1541
    1597
    1525
    1582
    1609
    1596
    1647
    1663
    1592
    1616
    1547
    1595
    1583
    1624
    1600
    1573
    1499
    1563
    1567
    1580
    1617
    1655
    1612
    1514
    1579
    1585
    1655
    1592
    1602
    1608
    1526
    1608
    1635
    1708
    1881
    2770
    4977
    6969
    6947
    4461
    2411
    1645
    1608
    1588
    1527
    1556
    1490
    1590
    1503
    1519
    1464
    1621
    1502
    1561
    1489
    1472
    1492
    1495
    1435
    1449
    1458
    1509
    1488
    1451
    1498
    1530
    1543
    1464
    1486
    1524
    1524
    1513
    1623
    1692
    1580
    1541
    1475
    1440
    1484
    1495
    1547
    1478
    1458
    1467
    1475
    1583
    1542
    1563
    1619
    1647
    1561
    1351
    1424
    1368
    1356
    1314
    1502
    2177
    3421
    4037
    3128
    1921
    1417
    1337
    1311
    1336
    1335
    1249
    1288
    1330
    1304
    1246
    1333
    1217
    1336
    1398
    1527
    1529
    1353
    1308
    1282
    1245
    1276
    1242
    1261
    1229
    1227
    1267
    1264
    1280
    1233
    1268
    1233
    1206
    1254
    1301
    1286
    1333
    1268
    1249
    1262
    1268
    1222
    1261
    1243
    1212
    1284
    1226
    1210
    1267
    1312
    1229
    1241
    1209
    1251
    1229
    1236
    1296
    1233
    1202
    1264
    1239
    1254
    1298
    1235
    1262
    1289
    1308
    1515
    1719
    1690
    1423
    1442
    1918
    5751
   17536
   30052
   28333
   14350
    4166
    1648
    2335
    3679
    4775
    5967
    7191
    6090
    3351
    1427
     958
     893
     883
     892
     924
     929
     969
     895
     911
     908
     878
     956
     849
     874
     929
     894
     885
     936
     923
     862
     895
     924
     903
     950
    1003
     999
     939
     886
     877
     879
     919
     862
     931
    1112
    1102
    1033
     983
     904
     920
    1068
    1182
    1242
    1117
     920
     871
     895
     847
     911
     901
     867
     860
     825
     854
     849
     851
     819
     803
     785
     793
     833
     842
     794
     824
     827
     828
     897
     924
    1048
    1374
    1956
    2721
    2943
    2208
    1623
    1251
    1046
     820
     817
     829
     864
     875
     926
     985
    1053
     947
     845
     821
     938
    1314
    1904
    1998
    1516
    1017
     892
     860
     847
     762
     827
     802
     781
     857
     802
     874
     776
     753
     792
     834
     826
     776
     793
     805
     793
     796
     907
     801
     833
     820
     943
     979
     932
     848
     802
     754
     753
     786
     806
     826
     767
     810
     745
     793
     796
     803
     955
    2074
    5981
   11755
   13429
    8975
    3441
    1159
     779
     699
     677
     686
     704
     759
     973
    1577
    2444
    2561
    1799
    1030
     782
     706
     738
     782
     756
     742
     620
     686
     732
     731
     728
     695
     678
     709
     671
     702
     686
     670
     653
     687
     695
     627
     674
     611
     655
     625
     656
     648
     693
     678
     690
     644
     682
     661
     709
     706
     704
     623
     664
     666
     637
     660
     652
     643
     629
     657
     650
     652
     635
     658
     649
     635
     700
     768
     776
     693
     623
     607
     767
     790
     761
     714
     691
     677
     670
     622
     689
     743
    1004
    1657
    2144
    1941
    1302
     833
     813
     788
     741
     722
     645
     697
     757
     798
     863
     818
     791
     690
     689
     727
     711
     701
     676
     647
     648
     717
     804
    1696
    3828
    6171
    6098
    3694
    1529
     746
     651
     700
     810
     830
     703
     660
     617
     655
     622
     618
     640
     573
     624
     592
     596
     616
     601
     620
     612
     618
     662
     624
     709
     699
     679
     706
     723
     860
    1759
    5396
   13889
   21541
   19857
   10800
    3536
     992
     628
     556
     539
     474
     569
     548
     559
     551
     533
     541
     539
     507
     520
     569
     514
     534
     517
     488
     509
     586
     576
     544
     551
     518
     542
     540
     503
     557
     496
     522
     518
     517
     556
     507
     534
     534
     539
     549
     565
     493
     514
     556
     535
     553
     513
     460
     559
     514
     572
     513
     548
     516
     556
     518
     511
     579
     576
     540
     503
     547
     528
     551
     506
     544
     525
     563
     534
     529
     521
     547
     525
     532
     557
     525
     549
     476
     515
     538
     501
     560
     540
     467
     530
     510
     551
     542
     630
     679
     656
     626
     573
     602
     715
     684
     658
     568
     526
     556
     527
     534
     524
     506
     469
     515
     487
     513
     528
     546
     514
     520
     528
     531
     554
     560
     503
     520
     543
     547
     578
     519
     549
     535
     504
     506
     565
     609
     681
     692
     653
     586
     528
     525
     547
     567
     571
     607
     662
     642
     539
     545
     525
     492
     507
     512
     578
     765
    1064
    1302
    1187
     809
     580
     470
     523
     514
     474
     486
     524
     515
     493
     477
     541
     486
     497
     494
     486
     503
     483
     470
     487
     468
     511
     483
     441
     525
     513
     500
     504
     474
     506
     501
     496
     503
     469
     479
     501
     458
     497
     508
     455
     484
     458
     491
     458
     534
     547
     487
     469
     493
     411
     462
     447
     440
     462
     437
     435
     456
     438
     395
     443
     429
     404
     430
     440
     421
     402
     408
     431
     429
     413
     421
     407
     395
     415
     409
     454
     435
     455
     409
     473
     419
     443
     447
     413
     402
     411
     363
     419
     396
     416
     442
     426
     432
     405
     412
     387
     373
     423
     401
     407
     378
     367
     389
     406
     398
     363
     419
     386
     433
     413
     465
     458
     526
     602
     480
     435
     444
     473
     506
     469
     443
     375
     374
     388
     403
     370
     378
     386
     413
     375
     353
     384
     391
     384
     408
     400
     588
     817
    1362
    1910
    1789
    1304
     656
     455
     384
     386
     378
     371
     361
     362
     383
     357
     363
     393
     383
     357
     408
     423
     382
     374
     377
     373
     403
     394
     364
     362
     361
     419
     369
     409
     421
     373
     367
     360
     329
     372
     370
     347
     393
     372
     416
     373
     399
     382
     427
     516
     483
     446
     382
     357
     376
     365
     359
     329
     337
     332
     364
     342
     347
     373
     386
     406
     481
     491
     450
     417
     395
     342
     350
     300
     319
     323
     367
     376
     342
     355
     331
     324
     326
     329
     312
     361
     333
     293
     332
     311
     327
     323
     361
     306
     344
     341
     339
     335
     331
     320
     337
     292
     332
     313
     340
     313
     343
     342
     348
     335
     368
     380
     381
     392
     339
     348
     348
     346
     333
     339
     366
     374
     429
     474
     525
     618
     771
    1318
    2226
    2821
    2833
    1889
    1121
     711
     549
     432
     380
     353
     353
     341
     348
     381
     350
     355
     328
     327
     320
     321
     324
     336
     302
     323
     330
     322
     331
     357
     312
     289
     316
     310
     352
     371
     352
     334
     333
     324
     355
     322
     312
     311
     328
     291
     296
     303
     342
     322
     317
     276
     342
     296
     314
     324
     324
     338
     334
     322
     306
     327
     381
     390
     380
     363
     373
     331
     286
     303
     296
     319
     345
     337
     306
     287
     323
     312
     310
     303
     276
     344
     341
     314
     331
     301
     307
     333
     346
     353
     337
     358
     321
     306
     333
     346
     377
     379
     399
     350
     336
     330
     324
     339
     304
     312
     316
     358
     362
     302
     301
     303
     282
     295
     318
     328
     333
     297
     316
     298
     338
     315
     296
     310
     321
     278
     324
     336
     305
     317
     306
     322
     313
     315
     330
     282
     292
     327
     424
     513
     564
     532
     432
     333
     349
     306
     294
     296
     305
     301
     262
     291
     339
     309
     312
     339
     356
     298
     314
     320
     333
     343
     356
     353
     351
     337
     390
     354
     343
     342
     265
     305
     314
     306
     305
     324
     323
     298
     319
     303
     306
     308
     300
     337
     354
     380
     459
     416
     385
     392
     456
    1055
    2684
    5682
    8264
    8361
    5553
    2448
     844
     385
     292
     296
     286
     291
     310
     299
     270
     278
     315
     268
     302
     279
     268
     288
     288
     313
     284
     282
     313
     288
     273
     294
     296
     298
     300
     293
     303
     311
     321
     309
     292
     295
     281
     303
     330
     304
     309
     301
     292
     285
     282
     310
     289
     323
     284
     306
     313
     342
     294
     293
     302
     306
     328
     326
     301
     320
     354
     306
     371
     593
    1749
    4715
    9945
   14221
   13759
    8826
    3956
    1255
     428
     323
     270
     261
     210
     282
     241
     250
     263
     277
     273
     267
     320
     303
     266
     258
     265
     303
     260
     265
     287
     247
     283
     287
     273
     295
     258
     239
     271
     270
     266
     235
     234
     260
     259
     243
     247
     248
     248
     248
     247
     268
     264
     260
     243
     236
     234
     264
     228
     209
     272
     259
     250
     252
     256
     273
     266
     244
     285
     277
     276
     243
     256
     232
     256
     255
     223
     236
     264
     233
     208
     265
     281
     256
     265
     275
     293
     263
     245
     237
     251
     259
     238
     251
     236
     246
     237
     254
     256
     239
     262
     250
     240
     249
     238
     270
     267
     244
     272
     277
     288
     254
     284
     283
     258
     241
     286
     284
     254
     242
     260
     235
     244
     254
     267
     245
     266
     248
     274
     252
     249
     250
     249
     266
     266
     256
     265
     261
     233
     248
     271
     291
     254
     261
     258
     233
     256
     233
     274
     273
     276
     377
     534
     613
     611
     529
     399
     323
     270
     266
     246
     219
     248
     263
     249
     256
     258
     246
     245
     247
     263
     263
     222
     262
     258
     243
     279
     268
     264
     277
     269
     259
     283
     245
     260
     283
     263
     238
     249
     254
     245
     251
     275
     237
     270
     238
     244
     240
     269
     272
     278
     258
     274
     271
     251
     260
     275
     257
     244
     269
     262
     251
     256
     249
     216
     246
     261
     249
     247
     261
     272
     260
     251
     269
     243
     257
     270
     253
     227
     245
     261
     252
     261
     255
     228
     260
     226
     265
     271
     271
     269
     242
     265
     275
     277
     287
     274
     270
     290
     330
     305
     339
     381
     405
     328
     332
     272
     267
     249
     240
     282
     266
     247
     246
     277
     254
     256
     263
     273
     254
     262
     272
     262
     263
     266
     244
     245
     253
     244
     250
     248
     215
     244
     229
     224
     249
     233
     235
     229
     242
     231
     227
     251
     263
     253
     265
     303
     325
     313
     289
     251
     277
     265
     240
     277
     233
     246
     222
     212
     251
     237
     247
     258
     419
     751
    1389
    1929
    1947
    1422
     835
     464
     263
     202
     181
     195
     220
     228
     240
     220
     218
     233
     230
     224
     197
     214
     228
     216
     234
     205
     208
     213
     202
     241
     248
     226
     249
     249
     215
     212
     207
     223
     213
     233
     219
     229
     281
     258
     262
     288
     248
     267
     224
     191
     245
     229
     214
     222
     236
     209
     203
     210
     227
     234
     229
     201
     255
     211
     223
     220
     213
     214
     221
     216
     259
     271
     258
     234
     255
     278
     339
     470
     415
     377
     285
     266
     245
     208
     217
     211
     221
     216
     216
     227
     203
     205
     200
     176
     235
     217
     240
     264
     321
     356
     318
     245
     237
     254
     281
     291
     306
     366
     389
     516
     807
    1183
    1376
    1175
     775
     451
     286
     242
     206
     247
     348
     450
     556
     514
     390
     314
     267
     219
     214
     206
     202
     205
     182
     183
     190
     195
     210
     190
     184
     202
     170
     187
     179
     194
     191
     194
     269
     292
     333
     314
     242
     219
     198
     195
     265
     341
     485
     590
     655
     609
     427
     337
     227
     210
     202
     172
     178
     169
     191
     189
     166
     195
     172
     195
     193
     215
     197
     186
     255
     394
     573
     907
    1083
     958
     680
     367
     277
     179
     174
     157
     158
     198
     179
     183
     180
     186
     185
     163
     199
     173
     161
     190
     178
     170
     167
     173
     213
     184
     222
     252
     366
     420
     416
     418
     307
     202
     184
     176
     163
     156
     155
     187
     205
     138
     156
     170
     171
     159
     185
     187
     160
     165
     167
     165
     181
     190
     171
     185
     168
     176
     175
     185
     193
     155
     172
     163
     175
     152
     196
     185
     202
     200
     204
     184
     181
     175
     167
     160
     166
     168
     167
     187
     189
     209
     208
     194
     200
     177
     163
     152
     158
     171
     171
     214
     228
     247
     289
     279
     248
     241
     204
     204
     204
     178
     194
     194
     197
     284
     348
     465
     476
     371
     304
     219
     189
     195
     231
     270
     307
     344
     364
     368
     344
     300
     249
     207
     167
     169
     176
     166
     167
     145
     158
     146
     152
     176
     179
     143
     154
     162
     163
     147
     149
     163
     176
     158
     152
     169
     163
     148
     142
     179
     160
     155
     164
     152
     170
     154
     163
     175
     139
     168
     153
     153
     158
     173
     158
     147
     144
     162
     175
     225
     356
     540
     897
    1125
     965
     667
     402
     224
     172
     157
     155
     142
     155
     160
     162
     166
     169
     150
     142
     159
     173
     153
     150
     154
     159
     158
     143
     153
     166
     173
     145
     144
     154
     173
     150
     144
     175
     167
     179
     171
     189
     172
     174
     174
     157
     162
     198
     137
     172
     158
     165
     156
     149
     163
     164
     155
     172
     165
     159
     168
     152
     186
     139
     152
     174
     185
     138
     150
     152
     150
     141
     152
     152
     150
     152
     154
     154
     168
     155
     147
     156
     158
     148
     154
     177
     160
     144
     155
     192
     207
     210
     186
     190
     167
     141
     159
     159
     131
     164
     158
     159
     153
     150
     172
     166
     167
     139
     157
     151
     145
     153
     155
     170
     168
     149
     191
     211
     239
     284
     285
     248
     213
     149
     171
     160
     150
     176
     163
     163
     175
     188
     204
     367
     767
    1728
    3208
    4796
    5223
    4187
    2558
    1210
     450
     209
     164
     135
     141
     144
     162
     147
     138
     139
     127
     128
     147
     143
     163
     128
     143
     142
     146
     151
     150
     137
     143
     148
     151
     160
     146
     130
     140
     127
     140
     136
     144
     134
     159
     135
     128
     152
     145
     141
     153
     114
     143
     141
     143
     154
     130
     156
     154
     127
     148
     146
     211
     313
     483
     649
     764
     694
     541
     292
     208
     150
     141
     153
     130
     119
     115
     144
     112
     123
     144
     146
     135
     161
     146
     140
     140
     124
     119
     159
     107
     153
     164
     148
     163
     138
     139
     131
     157
     124
     144
     146
     137
     174
     172
     153
     140
     169
     160
     145
     141
     170
     146
     163
     175
     165
     136
     153
     141
     139
     135
     137
     125
     137
     158
     130
     149
     139
     121
     151
     172
     194
     189
     131
     140
     153
     153
     131
     145
     151
     142
     134
     163
     274
     443
     681
     942
    1031
     963
     664
     404
     237
     203
     231
     369
     862
    1604
    2588
    3003
    2808
    1914
    1005
     420
     230
     121
     145
     107
     125
     120
     129
     117
     103
     120
     114
     132
     142
     134
     143
     121
     140
     131
     119
     123
     122
     137
     107
     118
     140
     132
     128
     130
     125
     150
     139
     126
     153
     140
     126
     123
     121
     124
     109
     128
     110
     121
     124
     131
     134
     130
     146
     129
     144
     134
      99
     128
     119
     126
     126
     136
     122
     105
     121
     114
     117
     129
     127
     133
     118
     126
     142
     139
     123
     114
     124
     124
      89
     150
     126
     138
     158
     191
     264
     313
     343
     318
     219
     162
     147
     151
     149
     151
     155
     137
     134
     152
     146
     121
     127
     129
     123
     105
     108
     114
     126
     110
     112
     130
     121
     126
     141
     112
     125
     138
     106
      99
     115
     123
     126
     123
     119
     120
     116
     116
     140
     125
     130
     129
     120
     108
      94
     109
     132
     104
     120
     125
     115
     111
     119
     139
     126
     132
     129
     100
     110
     118
     118
     123
     104
     129
     103
     129
     115
     118
     124
     129
     100
     113
     104
     122
     121
     124
     121
     109
     130
     135
     149
     149
     161
     191
     130
     122
     114
     121
     111
     123
     114
     134
     103
      85
     122
     104
     143
     109
     143
     151
     104
     127
     102
     129
     101
     108
     117
     108
      95
     113
     124
     100
     100
     117
     119
     109
     120
     130
     109
     115
      97
     110
     116
     120
     103
     110
     112
     106
      94
     160
     135
     142
     164
     151
     149
     135
     121
     116
     127
     122
     114
     102
      99
      95
     113
     121
     124
     133
     122
     136
     110
     100
     116
     104
     115
     101
     121
     102
     128
     126
     123
     115
     138
     138
     149
     163
     149
     152
     150
     144
     128
     112
     116
     126
     112
     119
     106
     114
     143
     167
     158
     123
     151
     122
      99
     130
     114
     122
     112
     125
     136
     132
     110
     121
     103
     122
     108
     111
     120
     117
     153
     183
     163
     206
     181
     160
     127
     112
     108
     126
     114
     112
     132
     104
     103
     129
     103
     106
     123
     108
     103
     120
     123
     112
     114
     118
     102
     128
     114
     110
     108
     107
     116
     120
     102
     129
     135
     113
     123
     123
     141
     165
     213
     190
     216
     137
     152
     167
     128
     138
     140
     100
     119
     107
     110
     121
     113
     134
     118
     124
     107
      95
     104
     107
     116
     116
     105
     143
     127
     147
     140
     129
     128
     106
     130
     104
     107
     132
     110
     106
     129
     124
      99
     117
     131
     160
     187
     178
     207
     151
     139
     121
     115
     116
     123
     113
     110
     116
     115
     114
     130
     144
     122
     134
     131
     147
     136
     220
     359
     714
    1397
    2096
    2566
    2526
    1822
    1184
     551
     287
     189
     152
     121
     121
     137
     126
     128
     113
     125
     104
     113
     118
     106
     106
     116
      96
     126
     112
     125
     113
     120
     139
     105
     113
     109
     110
     119
     119
     124
     143
     179
     140
     145
     116
     121
     112
     130
     105
     108
     126
     105
     118
     127
     113
     132
     140
     120
     116
     107
     105
     118
     127
     124
     109
     114
     122
     121
     116
     112
     109
     117
     115
     135
     123
     123
     120
     117
     106
     123
     132
     122
     114
     110
     128
     113
     121
     114
     133
     136
     117
     133
     141
     157
     212
     260
     349
     359
     385
     305
     242
     169
     124
     103
     132
     106
     109
     100
     130
     125
      94
     111
     103
     116
     132
     115
     111
     104
     109
     128
     107
     121
     133
     101
     124
      96
     113
     111
     106
     128
     121
     121
     129
     113
     136
     133
     120
     120
     103
      85
     133
     131
     146
     170
     195
     176
     173
     159
     146
     127
     122
     107
     105
     103
     111
      93
     123
     107
     108
     132
     124
     121
      93
     119
     108
     115
     117
     103
     126
     106
     136
     118
     126
     120
     116
     112
      94
     117
     117
     122
     127
     124
      99
     139
     114
     119
     122
     112
     123
     119
      92
     135
     113
      97
     118
     124
     116
     114
     102
     111
     114
     110
     129
     114
     102
     126
     117
     114
     114
     119
     100
     104
     126
     114
     115
     103
     133
     126
     112
     109
     112
     125
     119
     115
     124
     125
     126
     122
     110
     116
     105
     105
     112
     149
     166
     198
     187
     176
     169
     135
     122
     140
     120
     119
     120
     110
     123
     121
     112
     114
     123
     137
     116
     120
     122
     116
     110
     114
     116
     113
     127
     131
     140
     121
     112
     106
     129
     130
     138
     123
     118
     112
     138
     128
     124
     111
     118
     118
     131
     127
     110
     157
     115
     120
     127
     114
     124
     114
     127
     123
     134
     147
     112
     126
     117
     141
     116
     100
     109
     113
     139
     130
     132
     109
     130
     109
     142
     122
     130
     121
     132
     153
     226
     384
     615
     851
     986
     942
     718
     481
     239
     157
     140
     108
     113
     122
     116
     105
     111
      74
     117
      91
     101
     135
     143
     113
     131
     131
     178
     153
     180
     137
     139
     119
     120
     103
     119
     118
     129
     108
     104
     106
     105
     139
     120
     129
     144
     154
     138
     124
     136
      96
     103
     102
      93
      93
     100
      78
     113
     113
      92
      93
      91
      99
     118
     109
      90
      94
      95
      96
      93
     104
     111
      86
     108
      88
      98
      98
     104
      91
      98
      97
      77
      92
     101
      97
     103
      88
      94
     101
     101
     103
      95
      97
      95
     102
      80
     108
      80
      97
     122
     113
     121
     114
      93
     110
      89
      85
      95
      99
     101
     103
      81
      99
     112
     120
     161
     207
     281
     312
     286
     248
     171
     132
     118
      88
     110
      92
      86
     106
      74
     105
      96
     114
      99
     104
     100
      93
      89
     111
      89
      87
      88
      82
      80
      75
      99
      86
      87
      92
      92
      83
      83
      83
      94
      83
      81
      90
      81
      86
      82
      90
      79
      84
      91
      76
      96
      68
      91
      85
      80
      96
      74
      93
      83
      90
      90
     116
     104
      95
     100
     100
      97
      72
      75
     103
      79
      99
      78
      91
      86
      85
      89
      86
      95
      93
      84
      98
      96
      89
      73
      87
      85
      89
      89
      89
      93
      83
      81
      97
      75
     103
      84
      88
     104
      98
      92
      89
      93
      84
      79
      85
      72
      63
      83
      85
     100
      83
      71
      72
      95
      81
      58
      83
      74
      75
      93
      88
      80
      84
      79
      69
      93
      85
      90
      76
      76
      68
      92
      91
      86
      79
      82
     142
     151
     134
     136
     104
     107
      77
      87
      91
      91
      82
      74
      85
      78
      95
      92
      92
      79
      92
      75
      73
      78
      77
      85
      86
      77
      81
      93
      73
      88
      84
      99
      81
      87
      83
      82
      93
      79
      93
      82
      87
      88
      86
      74
      77
      78
      83
      89
      87
      68
      71
      77
      94
      82
      54
      85
      83
      73
      66
      74
      67
      79
      66
      68
      85
      63
      59
      87
      87
      89
      80
      71
      69
      61
      70
      70
      77
      84
      79
      78
      74
      78
      86
      74
      70
      75
      89
      81
      76
      79
      82
      76
      90
      77
      66
      74
      71
      86
      74
      72
      72
      59
      77
      88
      80
      90
      88
      64
      75
      77
      78
     115
      98
      82
      93
     100
     122
     165
     259
     418
     576
     690
     589
     517
     330
     190
     123
      87
      60
      75
      72
      90
      77
      64
      75
      65
      83
      82
     108
     140
     154
     179
     177
     137
     133
      89
      90
      82
      58
      74
      69
      55
      75
      74
      70
      67
      74
      58
      58
      72
      46
      52
      61
      66
      67
      68
      66
      59
      73
      73
      71
      74
      62
      81
      84
      74
      76
      58
      65
      90
      97
     139
     173
     208
     232
     237
     191
     142
     101
      86
      83
      94
      69
      65
      68
      74
      97
     131
     182
     270
     330
     357
     377
     308
     230
     129
      89
      84
      59
      66
      71
      58
      71
      75
      66
      66
      64
      70
      85
      82
      86
      72
      76
      84
      82
      65
      53
      64
      61
      70
      56
      74
      61
      58
      73
      59
      55
      58
      72
      59
      65
      70
      57
      72
      70
      71
      81
      82
      61
      62
      62
      66
      69
      67
      72
      94
      55
      65
      74
      72
      67
      61
      96
      76
      72
      92
      97
      75
      78
      73
      64
      79
      60
      71
      84
      72
      74
      52
      70
      60
      79
      76
      53
      66
      68
      55
      81
      66
      63
      61
      50
      60
      57
      69
      74
      49
      62
      60
      59
      64
      88
      64
      53
      60
      61
      67
      67
      65
      69
      68
      66
      71
      75
      75
      52
      68
      58
      57
      60
      66
      73
      65
      55
      82
      62
      79
      60
      78
      69
      84
      82
      87
     104
     127
     204
     354
     677
    1176
    2007
    3003
    3623
    3617
    3066
    1969
    1142
     593
     232
     104
      80
      64
      54
      53
      57
      60
      63
      61
      61
      48
      55
      62
      48
      56
      58
      49
      56
      56
      67
      63
      73
      59
      65
      58
      57
      57
      56
      55
      59
      70
      58
      66
      67
      57
      46
      60
      62
      59
      65
      74
      61
      64
      75
      67
      67
      63
      77
      59
      57
      58
      53
      65
      76
      67
      59
      55
      65
      55
      60
      67
      58
      60
      75
      45
      54
      60
      55
      48
      63
      59
      66
      51
      77
      59
      65
      54
      81
      57
      63
      70
      77
      77
     106
     138
     131
     163
     146
     129
     114
      89
      66
      64
      58
      59
      70
      60
      61
      76
      90
     106
     114
     112
      84
      78
      74
      47
      71
      73
      78
      62
      52
      80
      56
      58
      78
      97
     113
     139
     218
     273
     310
     306
     230
     185
     136
      98
      89
      79
      87
     127
      92
      79
      94
      77
      77
      53
      60
      65
      54
      43
      47
      59
      62
      63
      63
      57
      48
      52
      62
      57
      44
      54
      70
      50
      57
      52
      63
      62
      52
      54
      59
      70
      64
      59
      53
      66
      61
      56
      57
      67
      61
      70
      72
      67
      67
      72
      53
      57
      68
      50
      62
      52
      57
      61
      55
      73
      56
      46
      56
      63
      61
      57
      68
      66
      84
      78
      97
     114
      91
     106
     101
      82
      69
      51
      70
      53
      69
      83
      93
     107
      99
     100
     105
      73
      52
      50
      54
      53
      48
      49
      45
      39
      55
      45
      45
      61
      45
      64
      42
      44
      47
      46
      40
      57
      47
      53
      50
      47
      59
      54
      56
      35
      42
      62
      59
      61
      72
      63
      70
      55
      48
      48
      29
      55
      52
      55
      57
      47
      43
      53
      52
      55
      45
      50
      44
      42
      52
      40
      42
      42
      41
      56
      38
      42
      47
      43
      57
      43
      40
      47
      49
      46
      40
      37
      34
      43
      50
      51
      59
      60
      52
      53
      57
      55
      51
      63
      49
      41
      55
      43
      55
      53
      43
      45
      65
      65
      89
      85
      93
     121
      98
      97
      99
     125
     121
     139
     141
     106
     100
      68
      54
      53
      63
      65
     105
     170
     230
     331
     424
     380
     338
     240
     142
      93
      64
      61
      74
      80
     132
     146
     152
     149
     133
     111
     121
      88
      83
      62
      72
      67
      47
      52
      51
      57
      48
      72
      60
      75
      68
      72
      66
      61
      36
      49
      47
      40
      29
      43
      32
      41
      41
      48
      47
      48
      52
      51
      33
      51
      55
      50
      52
      42
      43
      50
      31
      36
      45
      34
      37
      48
      42
      39
      37
      45
      45
      59
      45
      54
      50
      29
      45
      32
      38
      38
      31
      48
      42
      33
      54
      53
      75
      88
     152
     195
     199
     181
     183
      92
      84
      75
      55
      53
      57
      40
      73
      65
      77
      53
      63
      50
      42
      34
      42
      33
      46
      56
      76
      89
     135
     206
     224
     206
     170
     123
      85
      61
      43
      41
      45
      47
      33
      30
      40
      31
      40
      46
      50
      57
      69
      68
      92
      82
      82
      60
      48
      41
      35
      45
      40
      25
      21
      36
      44
      33
      35
      38
      33
      33
      34
      24
      34
      37
      33
      37
      34
      32
      30
      34
      40
      39
      40
      35
      37
      38
      39
      31
      31
      39
      29
      43
      28
      28
      28
      37
      42
      34
      32
      42
      38
      31
      30
      33
      40
      38
      46
      28
      33
      68
      78
     109
     123
     161
     151
     136
     100
      68
      68
      36
      36
      41
      38
      39
      39
      39
      58
      53
      57
      55
      42
      30
      31
      33
      35
      36
      27
      26
      27
      21
      35
      20
      22
      22
      22
      39
      23
      37
      25
      33
      45
      30
      28
      35
      29
      28
      35
      26
      39
      42
      38
      40
      39
      27
      33
      44
      27
      26
      17
      35
      31
      47
      58
      56
      63
      45
      51
      40
      43
      49
      45
      29
      26
      41
      35
      20
      29
      35
      36
      32
      35
      41
      49
      43
      48
      60
      48
      51
      45
      50
      51
      48
      33
      43
      32
      36
      30
      40
      24
      41
      39
      24
      27
      31
      30
      25
      26
      34
      36
      33
      33
      35
      37
      31
      31
      30
      30
      30
      34
      25
      29
      31
      34
      22
      24
      36
      35
      27
      41
      39
      33
      30
      27
      26
      25
      36
      27
      32
      30
      24
      35
      26
      34
      27
      32
      24
      27
      48
      31
      29
      34
      37
      24
      29
      29
      27
      28
      37
      26
      29
      27
      32
      29
      32
      31
      29
      37
      36
      28
      26
      46
      30
      38
      36
      37
      24
      31
      38
      62
     103
     190
     279
     350
     394
     385
     351
     258
     165
      97
      56
      39
      37
      32
      25
      32
      33
      33
      42
      39
      28
      38
      24
      45
      35
      24
      30
      37
      35
      28
      31
      36
      31
      22
      31
      25
      31
      38
      34
      39
      40
      39
      40
      43
      36
      28
      31
      31
      31
      25
      30
      28
      28
      28
      35
      38
      27
      31
      32
      32
      26
      31
      28
      30
      27
      32
      32
      29
      25
      23
      32
      41
      28
      36
      35
      33
      31
      23
      40
      31
      36
      31
      39
      34
      33
      44
      26
      34
      52
      65
      92
     206
     383
     619
    1000
    1441
    1707
    1710
    1493
    1121
     692
     379
     148
      77
      48
      33
      29
      30
      27
      31
      28
      25
      34
      29
      27
      31
      22
      31
      31
      26
      18
      25
      31
      23
      31
      23
      20
      23
      29
      19
      22
      26
      26
      36
      30
      25
      24
      31
      27
      26
      28
      20
      27
      22
      31
      25
      30
      29
      25
      25
      35
      16
      19
      27
      18
      38
      24
      26
      30
      34
      28
      28
      19
      18
      34
      20
      22
      27
      26
      23
      35
      20
      40
      20
      27
      18
      20
      23
      27
      24
      19
      29
      28
      25
      22
      33
      28
      23
      28
      31
      37
      33
      20
      29
      24
      21
      25
      24
      33
      16
      30
      21
      30
      29
      32
      36
      43
      40
      40
      40
      32
      27
      24
      26
      23
      23
      17
      37
      36
      30
      31
      27
      24
      29
      28
      34
      23
      19
      36
      34
      27
      28
      23
      28
      25
      22
      28
      28
      23
      25
      34
      33
      30
      27
      26
      24
      27
      24
      24
      27
      29
      34
      29
      32
      41
      21
      24
      31
      19
      30
      22
      30
      26
      30
      25
      32
      29
      19
      27
      30
      26
      29
      31
      20
      33
      27
      22
      39
      27
      31
      27
      20
      37
      37
      33
      34
      22
      37
      47
      45
      49
      67
      49
      55
      55
      46
      38
      25
      24
      27
      44
      33
      33
      29
      32
      25
      27
      36
      38
      43
      57
      86
     125
     197
     242
     255
     281
     258
     156
     113
      92
      43
      30
      32
      28
      21
      27
      25
      36
      32
      38
      30
      24
      25
      28
      22
      38
      34
      26
      24
      25
      16
      29
      26
      30
      34
      31
      38
      27
      23
      34
      29
      32
      33
      35
      15
      19
      27
      29
      27
      28
      31
      31
      20
      20
      29
      24
      30
      29
      18
      25
      23
      30
      29
      20
      26
      26
      25
      36
      30
      40
      48
      45
      49
      42
      40
      39
      29
      35
      32
      40
      30
      37
      29
      26
      32
      29
      25
      33
      30
      17
      37
      29
      25
      30
      21
      28
      30
      36
      29
      24
      28
      35
      25
      38
      29
      22
      35
      30
      35
      30
      31
      33
      28
      35
      29
      51
      52
      44
      49
      48
      38
      27
      22
      33
      29
      28
      26
      30
      31
      32
      31
      34
      39
      45
      39
      41
      39
      37
      29
      28
      34
      29
      36
      34
      17
      19
      28
      36
      23
      25
      34
      33
      30
      22
      20
      22
      25
      19
      28
      20
      30
      26
      35
      32
      27
      28
      28
      26
      23
      24
      25
      29
      33
      31
      24
      35
      21
      34
      32
      33
      25
      26
      26
      21
      30
      28
      30
      24
      26
      28
      29
      20
      35
      33
      32
      31
      25
      27
      32
      32
      31
      28
      28
      30
      29
      27
      25
      40
      37
      26
      31
      31
      25
      32
      27
      23
      28
      32
      33
      42
      25
      34
      39
      27
      27
      22
      31
      25
      31
      27
      36
      33
      33
      30
      23
      26
      25
      39
      42
      27
      41
      39
      38
      31
      25
      33
      28
      30
      26
      31
      31
      26
      22
      38
      23
      32
      30
      28
      26
      28
      32
      25
      20
      35
      41
      25
      22
      29
      28
      27
      33
      35
      32
      26
      32
      30
      27
      35
      30
      42
      42
      26
      44
      35
      24
      27
      27
      25
      43
      25
      32
      31
      23
      36
      33
      25
      26
      21
      26
      19
      29
      24
      27
      30
      28
      28
      26
      26
      26
      32
      22
      29
      37
      34
      31
      35
      31
      23
      26
      23
      26
      30
      23
      23
      24
      29
      25
      27
      32
      35
      25
      18
      29
      32
      29
      22
      29
      32
      23
      23
      24
      33
      26
      39
      29
      28
      20
      42
      25
      29
      25
      26
      27
      25
      29
      21
      24
      28
      19
      27
      29
      23
      40
      22
      20
      20
      27
      29
      26
      22
      25
      26
      24
      35
      21
      25
      17
      22
      27
      22
      29
      35
      30
      28
      33
      34
      26
      30
      25
      30
      22
      22
      33
      30
      24
      24
      26
      28
      25
      24
      26
      27
      26
      23
      19
      23
      25
      27
      14
      36
      32
      21
      32
      31
      20
      32
      24
      35
      28
      26
      33
      22
      37
      28
      37
      26
      17
      19
      18
      29
      34
      22
      29
      32
      39
      22
      39
      34
      24
      26
      20
      28
      24
      28
      15
      29
      19
      28
      34
      38
      29
      42
      28
      27
      39
      31
      37
      24
      22
      17
      20
      24
      27
      21
      28
      31
      27
      20
      25
      23
      25
      24
      26
      17
      24
      20
      32
      21
      25
      24
      23
      30
      26
      24
      27
      17
      23
      24
      25
      27
      36
      43
      37
      23
      24
      27
      14
      23
      28
      20
      20
      29
      21
      33
      25
      25
      17
      23
      35
      25
      34
      26
      23
      24
      20
      21
      31
      19
      25
      27
      24
      23
      26
      22
      16
      26
      17
      25
      29
      19
      25
      29
      20
      29
      20
      31
      32
      19
      18
      30
      18
      23
      33
      27
      29
      26
      30
      33
      27
      23
      20
      33
      19
      27
      16
      25
      24
      19
      25
      23
      20
      22
      20
      27
      22
      20
      24
      27
      23
      27
      19
      21
      26
      27
      29
      26
      20
      26
      22
      20
      18
      22
      18
      24
      28
      31
      28
      19
      21
      16
      17
      31
      30
      23
      23
      23
      32
      23
      24
      21
      21
      16
      19
      27
      26
      36
      24
      27
      19
      33
      30
      27
      21
      24
      26
      27
      19
      25
      32
      27
       6
      19
      17
      24
      19
      24
      23
      20
      31
      26
      24
      30
      27
      21
      21
      19
      13
      20
      21
      25
      29
      28
      27
      27
      28
      31
      25
      30
      24
      22
      15
      27
      18
      31
      17
      24
      31
      27
      25
      25
      20
      34
      19
      23
      29
      21
      21
      18
      27
      24
      38
      37
      51
      63
      87
     111
     117
     164
     173
     217
     221
     191
     175
     156
     111
      87
      62
      42
      48
      45
      29
      46
      26
      34
      34
      27
      25
      33
      33
      28
      18
      37
      22
      22
      32
      26
      15
      29
      25
      20
      11
      30
      17
      36
      55
      60
      78
     112
     112
     131
     128
     110
      84
      64
      53
      51
      35
      26
      24
      24
      27
      18
      23
      30
      22
      15
      20
      30
      27
      31
      21
      25
      28
      27
      31
      25
      21
      29
      26
      15
      26
      24
      23
      28
      29
      17
      26
      28
      30
      22
      27
      25
      16
      27
      26
      24
      22
      21
      20
      28
      16
      26
      23
      22
      11
      32
      25
      27
      22
      20
      15
      18
      25
      29
      19
      31
      22
      18
      23
      26
      25
      25
      29
      21
      37
      28
      28
      19
      26
      31
      29
      15
      28
      19
      31
      23
      24
      35
      19
      18
      24
      23
      31
      33
      22
      25
      31
      22
      21
      25
      25
      24
      26
      23
      25
      26
      30
      22
      25
      19
      27
      23
      25
      23
      32
      18
      27
      27
      35
      28
      18
      23
      25
      31
      27
      28
      21
      23
      29
      34
      12
      29
      25
      25
      23
      17
      21
      30
      24
      24
      20
      28
      33
      29
      24
      21
      22
      28
      35
      27
      28
      40
      30
      29
      34
      25
      33
      30
      36
      25
      19
      28
      28
      23
      29
      25
      22
      29
      20
      31
      24
      20
      22
      25
      25
      28
      22
      26
      21
      42
      29
      25
      19
      34
      28
      28
      28
      36
      32
      23
      23
      37
      26
      39
      29
      30
      22
      18
      24
      19
      34
      37
      31
      31
      29
      30
      26
      22
      24
      33
      26
      29
      34
      33
      27
      24
      31
      39
      39
      71
     106
     182
     261
     320
     383
     449
     411
     340
     282
     162
     116
      58
      36
      37
      29
      41
      25
      31
      18
      27
      31
      20
      32
      24
      19
      32
      21
      41
      30
      24
      31
      24
      31
      30
      30
      23
      21
      23
      27
      30
      28
      16
      28
      17
      26
      29
      20
      29
      24
      25
      28
      33
      28
      21
      35
      26
      19
      28
      32
      17
      26
      28
      26
      31
      27
      31
      26
      29
      35
      21
      23
      31
      31
      40
      27
      27
      30
      28
      24
      24
      22
      26
      17
      30
      23
      30
      25
      23
      23
      20
      25
      31
      24
      25
      23
      29
      25
      25
      29
      19
      34
      25
      19
      30
      25
      22
      28
      22
      20
      23
      27
      24
      22
      32
      31
      35
      31
      38
      27
      28
      23
      19
      26
      36
      23
      24
      26
      31
      30
      36
      22
      18
      32
      25
      37
      34
      42
      32
      25
      29
      30
      34
      19
      19
      32
      25
      29
      19
      24
      30
      24
      29
      33
      32
      33
      27
      28
      21
      24
      24
      38
      25
      27
      32
      29
      23
      30
      31
      32
      42
      31
      30
      37
      28
      27
      27
      37
      34
      38
      40
      28
      30
      22
      20
      30
      31
      36
      32
      33
      25
      36
      23
      28
      30
      31
      41
      29
      31
      33
      25
      34
      27
      29
      29
      36
      31
      29
      25
      25
      30
      22
      23
      34
      26
      24
      30
      21
      31
      34
      33
      36
      34
      34
      36
      33
      37
      26
      30
      29
      37
      37
      28
      36
      27
      36
      28
      36
      41
      43
      60
      63
      61
      52
      47
      41
      29
      31
      29
      30
      29
      38
      24
      22
      24
      25
      34
      22
      29
      27
      26
      34
      30
      35
      32
      32
      35
      35
      25
      35
      38
      32
      26
      20
      30
      28
      32
      24
      32
      26
      34
      30
      22
      27
      22
      23
      25
      33
      31
      37
      37
      34
      36
      38
      32
      30
      30
      37
      34
      30
      33
      30
      32
      40
      28
      34
      26
      26
      34
      35
      19
      26
      37
      27
      33
      34
      30
      31
      28
      29
      41
      26
      28
      32
      31
      33
      30
      26
      31
      32
      33
      41
      33
      31
      34
      37
      41
      25
      32
      31
      35
      29
      29
      32
      38
      30
      37
      36
      32
      25
      29
      32
      28
      33
      42
      33
      36
      37
      30
      28
      30
      29
      23
      23
      43
      31
      33
      32
      33
      32
      32
      44
      31
      34
      31
      26
      30
      25
      31
      35
      26
      32
      45
      35
      37
      36
      44
      30
      23
      45
      34
      37
      33
      31
      34
      38
      34
      29
      38
      26
      34
      31
      37
      34
      23
      34
      32
      38
      40
      32
      32
      41
      34
      31
      42
      40
      31
      48
      29
      33
      36
      32
      37
      38
      28
      32
      26
      24
      35
      34
      33
      55
      47
      34
      36
      35
      35
      39
      37
      28
      38
      39
      39
      32
      36
      30
      34
      43
      31
      29
      42
      26
      30
      39
      35
      41
      29
      47
      37
      38
      26
      33
      36
      36
      37
      31
      25
      47
      33
      30
      31
      33
      21
      37
      40
      28
      37
      26
      28
      24
      34
      33
      24
      22
      28
      29
      27
      21
      24
      23
      28
      19
      25
      24
      30
      29
      18
      31
      25
      29
      40
      30
      22
      20
      25
      32
      29
      16
      27
      25
      20
      19
      25
      26
      32
      28
      29
      35
      28
      27
      26
      27
      28
      18
      25
      27
      27
      25
      28
      20
      16
      18
      32
      21
      23
      24
      28
      32
      30
      23
      24
      23
      20
      27
      24
      16
      28
      27
      25
      22
      28
      17
      29
      29
      23
      27
      24
      24
      18
      19
      27
      18
      23
      24
      23
      24
      19
      24
      22
      20
      30
      21
      32
      24
      25
      20
      20
      25
      24
      19
      18
      26
      30
      19
      19
      31
      33
      18
      18
      21
      31
      28
      31
      28
      16
      25
      24
      21
      23
      18
      23
      26
      25
      24
      28
      24
      30
      30
      21
      21
      26
      33
      25
      23
      16
      24
      17
      17
      33
      20
      23
      17
      18
      18
      24
      27
      31
      16
      21
      33
      20
      16
      20
      16
      19
      16
      27
      22
      22
      27
      28
      32
      35
      41
      47
      70
      99
     146
     130
     124
     124
      95
      86
      42
      42
      26
      26
      24
      19
      27
      21
      16
      22
      21
      19
      20
      16
      21
      21
      21
      15
      26
      15
      19
      24
      18
      25
      14
      23
      13
      14
      15
      14
      23
      25
      23
      26
      19
      22
      22
      22
      19
      16
      12
      15
      13
      15
      18
      19
      21
      14
      19
      13
      19
      15
      14
      20
      11
      11
      17
      16
      16
      20
      18
      17
       9
      14
      16
      23
      12
      13
      29
      15
      13
      16
      20
      13
      17
      15
      14
      13
      17
      11
      19
      13
      16
      18
      21
      24
      12
      15
      14
      16
      11
      10
      12
      16
      11
      16
      12
      14
      15
      15
       8
      13
      10
      12
      19
      13
      16
      14
      12
      13
      16
       9
      12
      14
       9
       9
      15
       8
      17
      14
      13
      12
       9
      20
      17
      11
      11
      11
       9
      13
      18
      14
       9
      11
      13
      11
      13
       9
      13
      13
      17
       9
       9
      11
      18
       3
      13
       6
      11
      13
      11
      14
       8
       9
      13
      10
      11
      11
      11
      12
      13
      15
      12
       8
      11
      11
      12
       9
      15
       7
       7
       8
       5
       8
      12
       7
       9
       9
       8
      12
       8
      14
       9
      11
       8
       9
      16
       6
       8
      11
      10
      10
      11
       8
       7
       9
      15
      11
       9
      10
       9
      10
      10
       2
      12
       5
       4
       5
      12
      13
      10
       6
      12
       5
       4
       8
      10
       7
       4
       7
      12
      12
      10
       7
       8
      11
       6
       8
       7
       8
      10
       4
       5
      17
      10
       9
       6
       9
      10
      10
       6
       8
      10
       6
      11
      10
       8
       8
       6
       9
       8
       6
       8
       9
       6
      12
       8
       8
       8
       8
      13
       6
      10
      13
       9
      10
      14
       4
       8
       7
       8
       9
      11
       9
      10
       4
      11
      10
       7
       5
       7
       4
      13
       7
       8
      11
      10
      10
       8
       4
       7
       3
       9
      11
      12
      11
       4
       7
      11
       4
       6
       8
       9
       8
       6
      11
      11
       7
      11
      13
       9
       0
       5
       4
       8
       6
       2
       8
       9
       5
      13
       5
      12
      10
       4
       9
      12
       7
       9
       5
       6
       6
       5
       4
       8
       4
       4
       9
      13
       6
      13
       6
       7
       9
       6
      13
      10
       4
       8
       5
       7
       9
      11
       2
       6
       9
      14
      10
      10
      12
      11
      10
       9
       8
       8
       9
       9
       6
       5
       8
      14
       7
       9
       9
      10
       3
       8
       3
       4
       4
       8
       6
      10
      10
       8
      10
       7
      10
       5
       8
      15
      10
      11
       6
       2
       6
       4
       7
      13
       5
       8
      10
       7
       6
       6
       5
      11
       6
      13
      15
      14
      17
       5
       8
      12
      11
       9
      12
      14
      13
      15
      15
      13
      23
      28
      38
      54
      77
     147
     228
     361
     535
     841
    1157
    1485
    1645
    1645
    1541
    1272
     960
     635
     350
     181
      83
      41
      27
      12
       6
       6
       5
       3
       3
       8
       9
       4
       6
       4
       6
       6
       5
      13
       7
       4
       5
       7
       6
       7
       4
       6
      12
       7
      10
       5
       7
       7
       5
       9
      10
       6
       5
      11
       7
       3
       9
       6
       3
       8
       5
       3
       7
       2
       4
       6
      12
       1
       5
       8
       3
       3
       4
       8
       7
       4
       4
       5
       4
       4
       6
       8
       3
       5
       4
       6
       4
       6
      11
      12
       3
       9
       6
       5
       6
       4
       5
       4
       3
       9
       5
       3
       7
       7
      10
       9
       7
       4
       6
       8
       3
       6
       2
       5
       3
      11
       3
       7
       4
       2
       5
       9
       6
       7
       6
       4
       6
       9
       5
       6
       6
       2
       5
       5
      12
       4
       2
       2
       5
       6
       4
       5
       7
       5
       6
       5
       7
       6
       5
       3
       5
       2
       9
       4
       2
       5
       7
       6
       9
       8
       8
       5
       4
       3
       9
       6
       8
       5
       4
       3
       4
       3
       3
       5
       4
       5
       5
      10
       7
       5
       6
       5
       2
       5
       6
       2
       3
       4
       3
       4
       2
      11
       4
       3
       7
      11
      12
      11
      17
      13
      13
      14
       9
       8
       9
       9
       8
       7
       7
       3
       7
       5
       7
       0
       6
       5
       9
      10
       4
       1
       8
       4
       5
       9
       5
       8
       1
       7
       6
       4
       5
       5
       6
      14
       4
       4
       3
       2
       6
       7
       4
       3
       5
       5
       2
       3
       2
       4
       2
       7
       2
       4
       5
       3
       4
       5
       7
       4
       3
       5
       6
       8
       2
       4
       3
       2
       6
       4
       6
       6
       5
       7
       3
       8
       7
       6
       3
       4
       7
       6
       5
       5
       4
       2
       6
       6
       1
       8
       4
       4
       4
       6
       4
       4
       2
       2
       5
       5
       5
       2
       2
       2
       3
       5
       2
       2
       7
       5
       2
       3
       1
       5
       3
       7
       1
       3
       3
       9
       5
       6
       6
       5
       5
       5
       6
       2
       5
       1
       5
       5
       2
       3
       9
       5
       5
       3
       4
       3
       2
       3
       3
       5
       7
       3
       6
       4
       6
       5
       5
       3
       7
       4
       6
       4
       3
       7
       3
       4
       2
       2
       3
       3
       5
       6
       4
       1
       7
       3
       5
       9
       2
       4
       3
       5
       3
       2
       5
       5
       8
       6
       9
       5
       5
       0
       7
       4
       8
       4
       3
       7
       6
       3
       3
       5
       3
       5
       5
       6
       4
       5
       7
       4
       3
       4
       4
       5
       2
       6
       8
       3
       6
       2
       4
       3
       6
       5
       3
       4
       6
       2
       4
      10
       3
       4
       3
       4
       3
       8
       5
       6
       4
       2
       8
       2
       4
       2
       2
       2
       3
       1
       1
       5
       1
       7
       7
       6
       7
       5
       3
       4
       7
       3
       5
       2
       2
       3
      11
       7
       2
       2
       7
       2
       6
       3
       8
       8
       9
       4
       7
       5
       5
       2
       0
       1
       9
       4
       3
       4
       3
       7
       7
       5
       5
       6
       3
       3
       6
       3
       2
       3
       6
       6
       5
       3
       6
       0
       5
       3
       4
       6
      10
       3
       5
       4
       1
       1
       3
       9
       2
       2
       3
       6
       4
       9
       6
       0
       3
       4
       3
       1
       3
       3
       3
       2
       4
       5
       6
       5
       2
       4
       6
       8
       5
       3
       5
       2
       1
       4
       1
       4
       5
       9
       3
       7
       4
       5
       4
       3
       6
       7
       6
       4
       4
       6
       7
       3
       7
       4
       5
       4
       6
       1
       7
       2
       1
       4
       6
       4
       5
       5
       1
       3
       3
       6
       2
       4
       6
       8
       3
       6
       4
       3
       4
       1
       4
       3
       4
       2
       7
       3
       9
       3
       5
       8
       2
       5
       3
       5
       4
       5
       2
       4
       2
       5
       2
       2
       2
       4
       9
       6
       9
       6
       3
       3
       6
       5
       6
       2
       2
       3
       3
       4
       7
       3
       4
       6
       4
       1
       5
       4
       3
       3
       3
       6
       4
       3
       6
       2
       8
       4
       4
       7
       0
       5
       5
       4
       5
       6
       2
       3
       8
       3
       3
       4
       5
       3
       7
       0
       2
       7
       5
       4
       4
       3
       1
       4
       5
       6
       3
       6
       4
       5
       6
       3
       6
       4
       4
       6
       4
       5
       3
       5
       7
       4
       5
       4
       5
       5
       3
       5
       1
       2
       4
       7
       5
       3
       5
       5
       3
       5
       5
       3
       5
       8
       1
       2
       8
       5
       5
       6
       7
       3
       3
       2
       2
       3
       2
       3
       5
       9
       2
       4
       2
       2
       3
       5
       7
       3
       4
       3
       4
       6
       2
       9
       6
       9
       5
       4
       6
       4
       5
      15
       8
       9
       7
       5
       6
       4
      10
       2
       7
       3
       9
       0
       3
       2
       5
       2
       3
       4
       5
       3
       0
       3
       5
      15
       5
       2
       6
       2
       4
       3
       2
       3
       5
       4
       5
       2
       5
       1
       4
       3
       2
       5
       4
       3
       5
       2
       3
       2
       5
       6
       5
       3
       7
       3
       2
       7
       1
       8
       3
       8
       3
       6
       5
       2
       2
       4
       9
       5
       5
       3
       4
       5
       2
       2
       3
       7
       3
       6
       2
       4
       4
       5
       4
       5
       0
       3
       4
       6
       3
       6
       1
       5
       6
       4
       3
       2
       5
       2
       2
       4
       5
       2
       3
       6
       3
       3
       4
       1
       4
       6
       9
       5
       6
       3
       1
       5
       4
       2
       4
       7
       3
       2
       4
       4
       2
       1
       4
       3
       4
       4
       4
       5
       3
       3
       4
       3
       3
       8
       2
       0
       2
       3
       1
       4
       6
       2
       4
       9
       4
       2
       1
       3
       4
       4
       6
       4
       4
       2
       4
       5
       1
       4
       3
       3
       3
       4
       4
       3
       4
       3
       3
       6
       2
       2
       2
       5
       6
       3
       3
       4
       2
       2
       2
       5
       4
       3
       4
       4
       0
       3
       6
       4
       6
       2
       3
       0
       4
       3
       5
       4
       1
       4
       5
       2
       1
       3
       5
       2
       1
       3
       5
       6
       5
       4
       6
       1
       4
       3
       1
       3
       4
       1
       1
       6
       2
       2
       2
       5
       6
       5
       3
       3
       3
       2
       2
       4
       4
       2
       1
       6
       2
       3
       1
       2
       0
       4
       5
       1
       4
       1
       5
       3
       3
       3
       1
       3
       1
       3
       4
       1
       2
       2
       1
       4
       5
       2
       5
       3
       5
       2
       4
       6
       4
       6
       5
       2
       1
       5
       2
       7
       7
       4
       4
       5
       4
       5
       6
       5
       6
       4
       2
       5
       2
       0
       6
       5
       5
       1
       6
       3
       4
       6
       2
       2
       3
       6
       3
       4
       6
       2
       1
       3
       1
       6
       3
       5
       2
       5
       4
       2
       4
       1
       0
       5
       3
       4
       3
       5
       2
       0
       5
       4
       1
       5
       1
       2
       6
       4
       5
       2
       3
       2
       3
       6
       3
       3
       2
       2
       0
       5
       3
       3
       6
       5
       2
       2
       2
       1
       4
       4
       2
       1
       0
       4
       2
       2
       4
       2
       5
       1
       4
       5
       2
       3
       2
       1
       3
       1
       2
       2
       1
       5
       2
       3
       4
       5
       2
       3
       5
       4
       4
       2
       2
       1
       2
       3
       1
       0
       1
       0
       1
       4
       2
       6
       2
       0
       1
       7
       2
       2
       1
       1
       0
       2
       1
       4
       3
       1
       2
       1
       2
       1
       4
       8
       4
       3
       4
       2
       2
       2
       6
       3
       3
       2
       0
       0
       0
       0
       0
       0
       0
       0
       0
       0
       0
       0
       0
       0
       0
       0
       0
       0
       0
       0
       0
       0
       0
       0
       0
       0
       0
       0
       0
       0
       0
       0
       0
       0
       0
       0
       0
       0
       0
       0
       0
       0
       0
       0
       0
       0
       0
       0
       0
       0
       0
       0
       0
       0
       0
       0
       0
       0
       0
       0
       0
       0
       0
       0
       0
       0
       0
       0
       0
       0
       0
       0
       0
       0
       0
       0
       0
       0
       0
       0
       0
       0
       0
       0
       0
       0
       0
       0
       0
       0
       0
       0
       0
       0
       0
       0
       0
       0
       0
       0
       0
       0
       0
       0
       0
       0
       0
       0
       0
       0
       0
       0
       0
       0
       0
       0
       0
       0
       0
       0
       0
       0
       0
       0
       0
       0
       0
       0
$ROI:
43
145 156
239 250
310 321
461 471
483 494
508 519
600 608
624 632
648 656
748 758
773 783
805 815
834 845
884 895
902 913
923 935
943 954
1491 1507
1528 1544
1562 1578
1598 1615
1628 1644
1698 1714
1748 1764
1785 1801
2333 2347
2396 2410
2422 2436
2506 2516
2551 2561
2577 2587
2894 2912
2947 2965
2989 3007
3787 3807
3844 3864
3888 3908
4605 4624
4645 4664
4692 4711
6772 6804
6878 6910
6936 6967
$PRESETS:
Live Time
80000
0
$ENER_FIT:
-31.424049075890295 0.3943997549103309
$MCA_CAL:
3
-1.888223E+001 3.900890E-001 -1.046650E-006 keV
$SHAPE_CAL:
3
3.068792E+000 5.451555E-004 -2.427550E-008
