$SPEC_ID:
No sample description was entered.
$SPEC_REM:
DET# 1
DETDESC# BETA MCB 129 Input 1
AP# GammaVision Version 6.09
$DATE_MEA:
04/23/2014 11:48:48
$MEAS_TIM:
80000 80085
$DATA:
0 8191
       0
       0
       0
       0
       0
       0
       0
       0
       0
       0
       0
       0
       0
       0
       0
       0
       0
       0
       0
       0
       0
       0
       0
       0
       0
       0
       0
       0
       0
       0
       0
       0
       0
       0
       0
       0
       0
       0
       0
       0
       0
       0
      28
      33
      60
     453
     616
     788
     941
    1272
    1655
    2007
    1994
    1919
    1729
    1457
    1486
    1532
    1481
    1648
    1584
    1605
    1584
    1626
    1537
    1435
    1502
    1458
    1432
    1343
    1427
    1385
    1410
    1408
    1393
    1374
    1353
    1361
    1353
    1371
    1359
    1292
    1307
    1296
    1301
    1355
    1289
    1321
    1289
    1306
    1317
    1314
    1290
    1305
    1271
    1269
    1256
    1266
    1247
    1197
    1266
    1236
    1236
    1220
    1236
    1242
    1272
    1234
    1179
    1173
    1154
    1242
    1138
    1192
    1281
    1254
    1217
    1245
    1274
    1275
    1270
    1254
    1340
    1246
    1154
    1221
    1215
    1229
    1241
    1139
    1257
    1249
    1152
    1254
    1241
    1197
    1255
    1208
    1238
    1280
    1283
    1266
    1231
    1280
    1266
    1310
    1246
    1284
    1286
    1291
    1391
    1368
    1353
    1362
    1342
    1400
    1496
    1392
    1405
    1419
    1439
    1459
    1533
    1575
    1548
    1833
    2086
    1872
    1619
    1504
    1546
    1511
    1583
    1456
    1567
    1649
    1592
    1660
    1679
    1661
    1727
    1721
    1634
    1699
    1722
    1734
    1751
    1793
    1819
    1895
    1996
    2067
    2065
    1843
    2099
    2909
    4500
    4686
    2762
    1923
    2133
    3475
    6436
    6158
    3055
    1716
    1571
    1577
    1809
    1731
    1604
    1582
    1692
    1836
    1701
    1592
    1549
    1550
    1700
    1912
    2139
    2292
    2182
    1828
    1706
    1662
    1726
    2056
    2845
    3435
    3016
    2006
    1685
    1654
    1728
    2333
    2960
    2614
    1924
    1625
    1653
    1727
    2462
    3236
    3308
    3125
    2385
    1757
    1698
    1616
    1552
    1449
    1435
    1427
    1406
    1406
    1534
    1516
    1506
    1577
    1631
    1723
    1712
    1668
    1480
    1444
    1420
    1444
    1431
    1457
    1497
    1483
    1406
    1448
    1510
    1664
    1771
    1798
    1756
    1582
    1524
    1416
    1495
    1544
    1503
    1664
    1544
    1613
    1532
    1576
    1520
    1496
    1536
    1512
    1447
    1578
    1585
    1618
    1587
    1504
    1504
    1576
    1615
    1718
    1554
    1461
    1463
    1481
    1484
    1473
    1451
    1490
    1462
    1482
    1484
    1487
    1443
    1476
    1396
    1431
    1500
    1456
    1489
    1519
    1575
    1554
    1531
    1520
    1513
    1512
    1611
    1606
    1558
    1476
    1577
    1517
    1549
    1596
    1832
    2347
    2252
    1732
    1571
    1489
    1524
    1534
    1623
    1633
    1527
    1515
    1553
    1499
    1579
    1550
    1525
    1620
    1538
    1515
    1531
    1501
    1490
    1525
    1501
    1583
    1543
    1516
    1498
    1460
    1518
    1558
    1570
    1565
    1496
    1482
    1499
    1454
    1547
    1645
    1784
    1784
    1562
    1482
    1418
    1529
    1485
    1404
    1453
    1515
    1438
    1433
    1390
    1459
    1425
    1459
    1471
    1447
    1486
    1492
    1465
    1430
    1433
    1440
    1459
    1504
    1650
    1761
    1664
    1498
    1470
    1387
    1455
    1370
    1320
    1476
    1395
    1418
    1387
    1344
    1383
    1400
    1289
    1304
    1338
    1318
    1313
    1348
    1336
    1390
    1365
    1379
    1405
    1340
    1246
    1300
    1254
    1345
    1306
    1340
    1294
    1307
    1274
    1309
    1236
    1300
    1254
    1343
    1352
    1298
    1330
    1254
    1161
    1235
    1217
    1251
    1205
    1208
    1189
    1244
    1252
    1267
    1185
    1298
    1265
    1229
    1267
    1249
    1246
    1234
    1253
    1224
    1283
    1268
    1267
    1211
    1252
    1203
    1207
    1179
    1232
    1204
    1203
    1254
    1289
    1244
    1246
    1313
    1312
    1681
    2723
    3537
    3244
    2074
    1400
    1151
    1239
    1186
    1140
    1176
    1135
    1150
    1115
    1162
    1177
    1184
    1145
    1124
    1146
    1095
    1099
    1197
    1164
    1218
    1152
    1157
    1143
    1128
    1124
    1133
    1095
    1116
    1093
    1173
    1144
    1243
    1213
    1141
    1144
    1161
    1109
    1122
    1134
    1151
    1131
    1154
    1108
    1109
    1184
    1136
    1139
    1183
    1203
    1206
    1084
    1148
     996
    1055
    1040
    1091
    1158
    1531
    2247
    2319
    1603
    1133
    1092
    1060
    1011
    1108
    1018
    1025
    1005
     985
    1023
    1025
    1022
    1005
    1002
    1104
    1148
    1122
    1129
    1047
     951
    1098
    1061
    1030
    1024
    1037
    1044
     991
    1045
    1046
    1052
    1054
    1034
     989
    1001
    1079
    1010
    1059
    1089
    1050
    1012
    1084
    1019
    1062
    1074
    1035
     987
    1043
    1070
    1054
     996
    1088
     996
    1011
    1032
    1078
    1034
     988
    1067
    1011
    1041
    1023
    1051
     959
    1014
     995
    1062
    1126
    1154
    1161
    1146
    1067
    1070
    1553
    4557
   12270
   16543
   10280
    3299
    1128
    1122
    1794
    2313
    2594
    2877
    2969
    1894
    1096
     790
     797
     830
     784
     839
     756
     808
     783
     783
     793
     808
     770
     808
     749
     780
     771
     779
     779
     765
     729
     788
     777
     780
     826
     833
     867
     798
     782
     781
     752
     768
     797
     729
     810
     839
     790
     779
     680
     769
     794
     800
     894
     884
     786
     737
     706
     706
     701
     691
     710
     697
     665
     690
     732
     686
     747
     656
     713
     725
     701
     747
     654
     664
     621
     669
     627
     717
     755
     867
    1096
    1422
    1684
    1425
    1000
     839
     758
     667
     686
     639
     647
     718
     667
     680
     740
     733
     665
     638
     712
     841
    1120
    1247
    1015
     740
     670
     677
     744
     648
     622
     606
     643
     632
     634
     635
     588
     627
     654
     636
     658
     644
     571
     580
     622
     636
     642
     659
     607
     632
     643
     693
     674
     644
     593
     581
     616
     602
     608
     673
     557
     602
     596
     615
     648
     576
     641
     875
    1896
    4246
    5243
    3466
    1432
     702
     555
     569
     545
     549
     491
     591
     601
     858
    1366
    1648
    1073
     686
     589
     578
     572
     611
     587
     516
     546
     552
     566
     573
     551
     554
     499
     514
     550
     596
     515
     585
     562
     554
     551
     541
     510
     497
     487
     526
     540
     521
     546
     518
     489
     562
     492
     529
     570
     554
     563
     525
     504
     559
     497
     535
     504
     500
     520
     468
     487
     490
     505
     519
     573
     524
     527
     592
     582
     562
     502
     513
     534
     510
     551
     501
     512
     502
     518
     506
     519
     542
     637
    1037
    1294
    1104
     697
     547
     514
     521
     546
     490
     501
     503
     548
     576
     587
     549
     533
     510
     477
     519
     461
     491
     503
     496
     479
     485
     574
     954
    2180
    3386
    3059
    1529
     692
     484
     512
     492
     557
     531
     492
     470
     483
     483
     431
     471
     447
     468
     456
     484
     472
     468
     432
     421
     452
     455
     477
     466
     465
     495
     503
     475
     442
     517
     909
    2467
    5760
    8469
    6486
    2798
     899
     477
     400
     414
     407
     407
     430
     379
     418
     379
     426
     446
     403
     386
     382
     366
     397
     390
     355
     373
     420
     399
     385
     422
     400
     415
     419
     412
     452
     393
     406
     386
     418
     401
     417
     416
     420
     411
     394
     424
     433
     374
     416
     392
     417
     411
     411
     382
     392
     405
     386
     392
     388
     362
     403
     390
     416
     370
     407
     407
     396
     392
     385
     384
     407
     448
     384
     418
     391
     364
     399
     441
     398
     386
     368
     368
     382
     388
     392
     383
     383
     416
     398
     381
     390
     398
     372
     424
     406
     423
     439
     428
     422
     459
     472
     464
     392
     386
     376
     379
     386
     366
     431
     397
     391
     384
     384
     356
     388
     384
     413
     385
     395
     390
     380
     343
     379
     407
     397
     368
     365
     387
     376
     389
     363
     358
     386
     424
     429
     428
     415
     390
     350
     379
     361
     407
     430
     420
     424
     404
     399
     387
     378
     363
     348
     374
     405
     540
     758
     707
     537
     433
     372
     378
     359
     360
     385
     369
     359
     378
     384
     396
     335
     326
     359
     337
     372
     365
     379
     362
     345
     367
     363
     323
     360
     373
     330
     352
     334
     352
     359
     328
     355
     333
     326
     341
     356
     346
     306
     287
     328
     357
     367
     337
     360
     366
     374
     353
     330
     344
     310
     375
     356
     324
     269
     325
     332
     312
     349
     308
     313
     310
     359
     356
     345
     318
     277
     307
     321
     287
     320
     302
     321
     328
     365
     396
     389
     354
     324
     341
     303
     345
     317
     297
     325
     313
     344
     296
     297
     327
     282
     322
     316
     339
     303
     289
     288
     302
     284
     327
     324
     297
     290
     306
     318
     304
     287
     291
     305
     286
     348
     339
     416
     408
     367
     328
     310
     349
     351
     291
     314
     291
     261
     302
     317
     277
     322
     295
     288
     279
     286
     254
     299
     323
     304
     342
     377
     477
     773
    1082
    1033
     707
     413
     313
     284
     257
     312
     307
     307
     273
     282
     290
     272
     303
     280
     290
     283
     316
     279
     289
     267
     287
     305
     289
     301
     300
     270
     303
     297
     310
     295
     288
     289
     293
     283
     317
     366
     479
     544
     442
     384
     306
     316
     308
     288
     329
     341
     324
     340
     266
     260
     300
     247
     264
     269
     267
     276
     269
     316
     254
     267
     290
     319
     296
     288
     293
     261
     266
     272
     258
     265
     295
     244
     266
     265
     278
     262
     280
     258
     290
     261
     299
     283
     269
     250
     264
     275
     282
     272
     261
     241
     287
     279
     254
     246
     269
     257
     276
     265
     258
     226
     248
     264
     263
     260
     308
     290
     287
     281
     283
     267
     273
     276
     243
     268
     259
     269
     288
     288
     345
     427
     474
     591
     911
    1459
    1806
    1653
    1063
     659
     497
     415
     313
     321
     284
     302
     255
     274
     251
     240
     250
     283
     229
     277
     255
     256
     259
     232
     261
     264
     317
     256
     258
     260
     267
     264
     244
     277
     266
     239
     256
     242
     221
     252
     245
     230
     251
     252
     264
     269
     264
     262
     269
     243
     232
     254
     227
     227
     231
     240
     243
     255
     223
     241
     245
     246
     301
     248
     243
     251
     262
     236
     237
     235
     247
     236
     256
     255
     240
     263
     243
     254
     261
     242
     255
     250
     235
     242
     244
     238
     259
     267
     252
     236
     269
     259
     233
     237
     257
     258
     264
     271
     265
     261
     246
     250
     261
     231
     314
     259
     235
     235
     248
     255
     237
     228
     252
     263
     220
     253
     248
     211
     234
     224
     241
     236
     243
     257
     246
     209
     263
     239
     219
     226
     245
     240
     223
     276
     239
     237
     276
     322
     352
     376
     298
     267
     253
     239
     238
     257
     242
     249
     234
     257
     239
     255
     245
     261
     247
     255
     272
     241
     227
     244
     272
     257
     279
     282
     294
     287
     257
     214
     258
     241
     259
     248
     238
     245
     240
     261
     247
     227
     233
     226
     252
     261
     250
     257
     283
     263
     267
     283
     292
     380
     902
    2283
    3995
    4556
    3220
    1541
     528
     270
     256
     241
     217
     217
     234
     214
     228
     243
     243
     222
     248
     225
     245
     234
     209
     228
     214
     228
     224
     227
     230
     221
     216
     203
     235
     220
     223
     215
     236
     244
     211
     236
     226
     239
     223
     204
     233
     226
     233
     220
     226
     251
     239
     249
     240
     215
     235
     222
     243
     217
     279
     232
     254
     253
     243
     207
     262
     240
     253
     268
     587
    1513
    3398
    5321
    5346
    3366
    1432
     500
     248
     195
     199
     202
     206
     205
     185
     223
     223
     206
     202
     214
     213
     258
     239
     206
     215
     197
     206
     216
     188
     191
     223
     190
     214
     205
     222
     220
     198
     203
     216
     210
     193
     216
     221
     216
     187
     186
     218
     206
     220
     204
     225
     240
     215
     216
     200
     216
     181
     188
     237
     231
     204
     208
     218
     218
     195
     223
     222
     217
     204
     208
     193
     201
     208
     189
     196
     183
     214
     226
     212
     222
     202
     199
     215
     211
     206
     206
     219
     183
     226
     193
     207
     204
     186
     199
     170
     180
     195
     208
     188
     175
     199
     208
     196
     188
     212
     185
     204
     196
     184
     217
     193
     202
     205
     195
     209
     210
     196
     209
     215
     182
     224
     218
     197
     191
     230
     223
     203
     205
     212
     195
     182
     205
     207
     195
     222
     211
     203
     231
     227
     267
     350
     370
     346
     308
     251
     224
     219
     191
     215
     250
     314
     367
     298
     284
     241
     206
     202
     223
     217
     206
     214
     216
     205
     208
     220
     215
     190
     173
     205
     208
     207
     198
     205
     222
     207
     198
     216
     197
     221
     217
     203
     189
     173
     194
     192
     192
     218
     170
     201
     201
     197
     185
     210
     187
     196
     212
     193
     212
     224
     212
     202
     214
     201
     196
     181
     196
     194
     184
     219
     218
     222
     206
     190
     208
     198
     192
     217
     200
     234
     197
     187
     218
     173
     203
     202
     205
     191
     180
     198
     219
     193
     212
     202
     207
     212
     184
     187
     201
     222
     198
     230
     188
     194
     220
     196
     192
     229
     225
     226
     245
     255
     234
     208
     206
     208
     184
     225
     193
     218
     190
     202
     227
     211
     181
     190
     234
     218
     217
     184
     187
     190
     202
     198
     200
     196
     177
     205
     212
     186
     165
     173
     172
     207
     193
     195
     208
     207
     175
     211
     159
     169
     210
     208
     212
     215
     233
     188
     190
     174
     185
     197
     206
     190
     219
     195
     196
     205
     196
     188
     215
     260
     394
     625
     942
    1139
     928
     571
     365
     224
     192
     179
     189
     189
     167
     176
     166
     172
     210
     171
     169
     179
     220
     183
     192
     190
     193
     194
     205
     173
     189
     183
     198
     181
     194
     181
     174
     187
     182
     194
     213
     206
     170
     191
     207
     189
     216
     222
     207
     191
     180
     185
     197
     172
     181
     177
     193
     172
     175
     183
     195
     195
     195
     190
     215
     190
     181
     167
     193
     163
     179
     203
     178
     197
     167
     203
     215
     251
     280
     282
     261
     221
     191
     210
     178
     170
     192
     204
     184
     165
     169
     197
     167
     199
     191
     174
     186
     168
     203
     279
     264
     254
     206
     195
     199
     208
     206
     221
     239
     247
     266
     387
     521
     611
     541
     368
     262
     185
     164
     163
     205
     238
     287
     352
     341
     291
     197
     181
     171
     176
     213
     186
     174
     148
     168
     157
     187
     159
     161
     176
     172
     142
     157
     192
     172
     158
     173
     201
     214
     249
     210
     185
     201
     177
     188
     202
     236
     308
     370
     360
     298
     219
     197
     182
     183
     154
     182
     163
     174
     174
     161
     174
     138
     168
     157
     173
     143
     165
     182
     181
     239
     386
     537
     593
     624
     358
     255
     220
     159
     167
     153
     153
     165
     146
     147
     172
     159
     137
     169
     135
     167
     166
     143
     151
     175
     165
     169
     157
     166
     177
     186
     223
     261
     245
     234
     190
     167
     181
     159
     179
     171
     163
     133
     167
     160
     152
     142
     148
     157
     169
     153
     171
     177
     169
     135
     164
     153
     170
     175
     155
     160
     154
     154
     181
     145
     143
     127
     166
     183
     146
     182
     152
     163
     170
     164
     156
     133
     153
     160
     164
     166
     131
     167
     163
     185
     152
     152
     161
     151
     157
     148
     161
     168
     180
     168
     171
     204
     194
     220
     163
     173
     184
     171
     182
     152
     170
     168
     188
     256
     275
     321
     313
     258
     205
     176
     181
     188
     172
     216
     221
     216
     228
     242
     236
     176
     160
     143
     178
     156
     136
     157
     153
     148
     153
     165
     147
     159
     176
     134
     163
     172
     148
     149
     138
     147
     167
     139
     167
     161
     156
     164
     146
     155
     153
     141
     153
     149
     141
     135
     146
     163
     165
     140
     182
     155
     164
     138
     153
     128
     139
     159
     168
     188
     309
     412
     598
     590
     473
     307
     229
     175
     153
     142
     142
     158
     150
     155
     158
     143
     152
     140
     148
     160
     146
     150
     120
     142
     139
     174
     176
     137
     148
     137
     166
     150
     154
     168
     125
     165
     170
     150
     158
     154
     160
     180
     154
     143
     137
     156
     135
     151
     145
     156
     141
     145
     156
     130
     167
     130
     160
     132
     138
     148
     175
     165
     153
     160
     155
     156
     178
     143
     166
     164
     150
     153
     159
     148
     138
     161
     146
     147
     151
     141
     163
     175
     147
     155
     174
     142
     152
     181
     174
     212
     185
     178
     149
     148
     142
     140
     154
     147
     155
     143
     158
     146
     174
     144
     146
     150
     180
     165
     170
     163
     154
     138
     127
     156
     157
     173
     198
     228
     229
     203
     166
     159
     143
     150
     156
     186
     145
     153
     140
     171
     161
     209
     327
     784
    1556
    2529
    2773
    2421
    1537
     666
     295
     183
     166
     151
     158
     142
     136
     127
     133
     154
     152
     117
     130
     136
     135
     161
     138
     157
     140
     156
     148
     140
     131
     132
     147
     173
     143
     139
     159
     140
     135
     145
     138
     152
     157
     155
     132
     154
     145
     152
     141
     163
     128
     157
     137
     147
     142
     150
     153
     148
     154
     137
     160
     187
     249
     343
     371
     329
     285
     189
     159
     147
     154
     127
     175
     136
     143
     158
     159
     134
     144
     126
     144
     147
     158
     141
     143
     127
     141
     143
     151
     149
     159
     171
     168
     148
     153
     149
     158
     121
     173
     177
     172
     203
     214
     202
     233
     211
     240
     223
     212
     195
     183
     192
     192
     147
     151
     127
     170
     146
     136
     148
     140
     178
     160
     137
     125
     153
     145
     165
     143
     155
     152
     137
     143
     165
     159
     135
     149
     165
     138
     139
     173
     198
     288
     399
     589
     668
     544
     380
     237
     211
     165
     202
     289
     562
     947
    1460
    1707
    1490
     923
     497
     249
     170
     149
     125
     149
     123
     159
     156
     141
     153
     137
     147
     161
     144
     149
     156
     126
     167
     131
     133
     146
     149
     139
     136
     172
     162
     156
     164
     136
     139
     136
     138
     152
     146
     156
     125
     153
     160
     120
     134
     131
     153
     152
     157
     145
     167
     142
     158
     127
     141
     163
     141
     141
     162
     138
     135
     135
     142
     151
     163
     151
     152
     143
     141
     130
     127
     145
     149
     131
     161
     154
     139
     180
     152
     160
     138
     149
     163
     185
     212
     254
     211
     186
     184
     143
     162
     155
     163
     148
     155
     153
     147
     153
     135
     135
     156
     139
     134
     140
     141
     153
     131
     140
     122
     139
     147
     173
     148
     125
     138
     152
     144
     166
     138
     132
     159
     157
     144
     155
     156
     139
     157
     139
     177
     131
     129
     129
     157
     135
     143
     138
     150
     135
     186
     156
     144
     141
     127
     134
     182
     126
     149
     147
     137
     155
     139
     154
     144
     157
     124
     145
     152
     162
     127
     149
     149
     144
     175
     138
     157
     149
     152
     174
     176
     160
     179
     169
     165
     161
     148
     140
     156
     146
     164
     147
     143
     148
     155
     146
     136
     158
     156
     159
     160
     141
     144
     166
     164
     141
     147
     135
     154
     133
     156
     160
     136
     135
     141
     163
     126
     141
     139
     151
     139
     137
     154
     144
     145
     140
     161
     141
     145
     133
     166
     174
     189
     181
     169
     151
     145
     151
     132
     149
     156
     162
     163
     132
     166
     142
     173
     156
     145
     134
     139
     134
     140
     158
     156
     128
     147
     144
     184
     154
     166
     171
     166
     166
     181
     157
     163
     188
     153
     155
     168
     164
     155
     168
     156
     145
     175
     172
     183
     159
     172
     149
     171
     133
     160
     166
     147
     155
     151
     163
     158
     161
     179
     145
     145
     168
     171
     171
     157
     171
     191
     209
     187
     225
     171
     154
     156
     159
     160
     176
     137
     177
     168
     152
     159
     163
     138
     141
     171
     151
     163
     147
     150
     141
     160
     151
     142
     165
     166
     154
     166
     161
     163
     151
     165
     144
     152
     170
     171
     163
     205
     187
     181
     193
     194
     157
     166
     152
     178
     164
     177
     171
     140
     135
     175
     147
     153
     171
     162
     168
     183
     156
     151
     142
     177
     159
     176
     147
     150
     169
     174
     181
     178
     162
     152
     160
     163
     153
     143
     161
     171
     165
     156
     178
     172
     178
     192
     201
     182
     179
     152
     178
     165
     159
     163
     153
     163
     187
     179
     177
     154
     178
     170
     185
     168
     177
     208
     261
     385
     639
     930
    1096
    1023
     762
     491
     285
     201
     175
     191
     187
     168
     170
     160
     171
     158
     173
     185
     181
     189
     161
     160
     169
     166
     173
     165
     173
     183
     163
     167
     189
     180
     176
     156
     178
     167
     219
     177
     191
     183
     194
     196
     155
     181
     159
     175
     177
     175
     206
     177
     157
     163
     172
     173
     186
     150
     192
     165
     176
     169
     173
     194
     157
     183
     189
     188
     179
     160
     182
     190
     189
     189
     181
     197
     170
     189
     162
     174
     174
     172
     161
     185
     165
     179
     188
     176
     185
     174
     198
     177
     203
     238
     224
     263
     303
     302
     231
     214
     200
     165
     166
     180
     171
     176
     187
     188
     189
     176
     197
     175
     194
     201
     148
     185
     183
     194
     188
     201
     167
     167
     203
     185
     162
     180
     173
     183
     178
     213
     188
     199
     193
     204
     190
     189
     191
     197
     175
     178
     209
     225
     238
     247
     260
     205
     211
     197
     181
     204
     177
     180
     174
     185
     193
     188
     170
     186
     167
     178
     222
     170
     193
     184
     208
     204
     200
     188
     194
     190
     183
     166
     226
     212
     184
     193
     191
     185
     181
     173
     189
     202
     172
     205
     196
     205
     202
     186
     205
     197
     212
     224
     201
     193
     178
     200
     186
     223
     211
     193
     202
     185
     196
     185
     229
     223
     222
     197
     174
     184
     209
     193
     211
     191
     199
     181
     166
     208
     203
     214
     209
     219
     188
     189
     192
     238
     185
     217
     213
     205
     243
     216
     220
     235
     228
     221
     239
     215
     176
     210
     199
     226
     210
     253
     193
     207
     222
     184
     217
     206
     189
     196
     221
     191
     205
     222
     212
     223
     230
     231
     225
     226
     211
     221
     210
     200
     219
     234
     220
     218
     220
     211
     215
     193
     220
     205
     212
     242
     231
     231
     246
     222
     237
     226
     240
     219
     205
     215
     222
     227
     218
     215
     196
     224
     223
     223
     226
     225
     202
     234
     226
     220
     239
     205
     198
     220
     255
     252
     185
     235
     241
     339
     390
     487
     554
     548
     415
     351
     255
     216
     222
     207
     191
     203
     216
     215
     201
     192
     174
     196
     174
     216
     187
     185
     187
     205
     205
     195
     228
     200
     187
     148
     177
     164
     177
     149
     148
     159
     178
     173
     175
     165
     145
     158
     177
     169
     161
     153
     131
     156
     151
     144
     145
     165
     170
     165
     151
     158
     161
     143
     151
     166
     145
     132
     151
     156
     147
     169
     130
     154
     143
     125
     141
     159
     126
     152
     128
     155
     146
     131
     138
     128
     139
     125
     135
     138
     139
     147
     125
     141
     137
     140
     143
     139
     138
     145
     137
     129
     136
     147
     139
     144
     145
     156
     137
     140
     168
     127
     140
     103
     122
     122
     129
     137
     152
     191
     193
     209
     200
     186
     180
     135
     161
     126
      99
     127
     140
     125
     128
     135
     137
     128
     115
     128
     124
     134
     117
     145
     124
     118
     137
     133
     141
     124
     115
     113
     140
     122
     139
     124
     116
     119
     129
     137
     124
     128
     121
     132
     126
     121
     116
     114
     131
     114
     126
     119
     133
     120
     106
     107
     116
     119
     100
     117
     124
     116
     113
     108
     122
     115
     128
     109
     103
      90
     137
     117
     113
     100
     110
     119
     125
     114
     100
     114
      94
     115
     104
     108
      89
     111
     106
     116
     117
     112
     109
     112
     107
     114
     113
      96
     110
     115
     108
     106
     110
      87
     108
      95
     110
      99
     100
     108
      96
     109
      96
     108
     110
     102
      97
      96
     105
      99
      95
      87
      92
      89
     119
      83
      91
     103
      80
      88
      98
      92
      88
     102
      85
      84
     108
     100
     119
     123
     130
     164
     131
     111
      89
      77
      71
      74
      75
      86
      90
      89
      86
      77
      96
      82
      86
      91
      76
      91
      76
      78
      91
      75
      75
      88
      77
      70
      77
      58
      79
      66
      73
      89
      82
      83
      72
      91
      80
      80
      75
      65
      72
      66
      78
      62
      79
      69
      75
      79
      94
      83
      64
      70
      81
      62
      70
      56
      68
      59
      64
      72
      83
      65
      85
      68
      69
      63
      90
      86
      56
      72
      76
      84
      56
      78
      70
      69
      67
      67
      61
      58
      62
      70
      70
      66
      63
      66
      63
      59
      71
      53
      52
      61
      69
      63
      71
      49
      60
      68
      55
      78
      50
      64
      72
      62
      52
      49
      63
      65
      82
      84
      64
      58
      67
      85
     119
     176
     263
     279
     300
     196
     172
     115
      83
      76
      62
      68
      61
      49
      51
      52
      63
      67
      63
      71
      73
      77
      92
      87
     116
      84
      70
      71
      57
      52
      57
      57
      47
      64
      58
      44
      55
      52
      57
      69
      65
      52
      63
      53
      50
      57
      43
      43
      46
      47
      38
      59
      52
      52
      53
      41
      47
      49
      62
      57
      61
      60
      75
      79
      82
     120
      95
     105
      92
      72
      65
      63
      47
      50
      39
      52
      36
      46
      63
      61
     102
     105
     120
     183
     144
     144
     102
      92
      66
      59
      48
      49
      53
      51
      54
      44
      52
      38
      48
      45
      46
      63
      59
      48
      56
      50
      55
      44
      53
      50
      53
      38
      62
      41
      43
      54
      57
      54
      48
      54
      46
      48
      43
      61
      72
      48
      50
      50
      37
      53
      65
      42
      52
      40
      50
      51
      56
      52
      45
      53
      59
      37
      54
      59
      47
      61
      52
      61
      55
      58
      53
      56
      48
      52
      58
      51
      61
      58
      57
      59
      54
      77
      51
      50
      46
      62
      45
      48
      60
      49
      53
      62
      42
      59
      53
      60
      61
      60
      47
      54
      61
      51
      57
      61
      64
      68
      36
      54
      50
      61
      61
      68
      56
      53
      48
      71
      63
      66
      62
      75
      63
      72
      64
      60
      65
      61
      71
      83
      77
      93
      75
      99
     105
     123
     129
     233
     419
     969
    2362
    4681
    8348
   12310
   14689
   14103
   10591
    6297
    2934
    1118
     383
     109
      57
      32
      33
      39
      29
      19
      24
      33
      24
      27
      25
      20
      24
      31
      23
      40
      29
      31
      26
      34
      22
      27
      20
      23
      35
      29
      29
      31
      34
      30
      28
      28
      24
      32
      32
      22
      27
      31
      34
      37
      35
      32
      32
      27
      38
      28
      32
      26
      36
      31
      28
      24
      25
      22
      36
      19
      32
      28
      36
      29
      23
      25
      30
      33
      30
      31
      33
      21
      30
      30
      24
      29
      19
      27
      32
      29
      21
      24
      32
      37
      48
      45
      43
      69
      78
      86
      81
      62
      44
      35
      28
      25
      22
      24
      24
      29
      53
      41
      49
      53
      54
      40
      39
      36
      30
      32
      22
      29
      20
      31
      33
      29
      23
      21
      31
      40
      55
      93
      99
     125
     133
     104
      80
      68
      34
      42
      28
      41
      52
      38
      56
      38
      41
      30
      29
      29
      36
      33
      19
      25
      27
      16
      27
      20
      32
      27
      29
      32
      25
      24
      18
      29
      29
      32
      26
      34
      23
      28
      29
      30
      34
      25
      23
      33
      30
      22
      27
      30
      36
      33
      24
      37
      26
      22
      24
      24
      32
      23
      31
      30
      21
      29
      23
      33
      28
      37
      23
      22
      28
      31
      22
      36
      25
      40
      25
      47
      45
      43
      41
      40
      34
      27
      19
      32
      22
      22
      25
      48
      46
      46
      38
      48
      37
      38
      36
      41
      24
      22
      21
      33
      20
      27
      25
      27
      18
      25
      24
      21
      17
      28
      24
      17
      25
      23
      23
      25
      35
      24
      20
      21
      26
      41
      22
      27
      38
      39
      28
      22
      30
      32
      21
      25
      19
      26
      26
      27
      16
      15
      15
      16
      24
      26
      26
      21
      20
      16
      23
      26
      19
      11
      21
      22
      22
      14
      19
      26
      31
      21
      14
      30
      33
      16
      20
      30
      12
      17
      28
      17
      17
      31
      26
      21
      24
      24
      17
      24
      27
      23
      25
      15
      23
      20
      30
      28
      29
      49
      44
      56
      58
      55
      37
      49
      42
      42
      61
      45
      49
      38
      27
      28
      26
      34
      34
      44
      70
     130
     177
     219
     200
     152
     108
      69
      46
      29
      40
      36
      30
      60
      79
      73
     101
      83
      48
      50
      35
      20
      32
      33
      32
      15
      23
      19
      19
      23
      24
      38
      41
      29
      33
      45
      16
      23
      34
      25
      15
      22
      22
      20
      22
      21
      24
      16
      19
      25
      22
      23
      20
      24
      23
      16
      17
      14
      24
      18
      25
      18
      21
      23
      19
      21
      16
      25
      23
      19
      16
      25
      22
      20
      23
      25
      23
      26
      20
      16
      18
      25
      27
      16
      32
      46
      53
      76
      95
     107
     103
      84
      50
      48
      29
      24
      22
      20
      15
      28
      34
      37
      29
      24
      19
      20
      23
      17
      23
      31
      28
      46
      65
      77
     104
     113
     103
      74
      81
      39
      22
      17
      20
      20
      15
      24
      24
      26
      26
      18
      22
      18
      23
      28
      44
      51
      33
      37
      24
      20
      19
      23
      19
      23
      17
      13
      19
      25
      10
      14
      17
      12
      19
      19
      24
      21
      12
      20
      13
      19
      19
      17
      21
      20
      24
      15
      23
      15
      18
      11
      25
      15
      14
      21
      15
      12
      19
      22
      21
      17
      18
      16
      21
      30
      20
      25
      18
      23
      17
      20
      24
      31
      29
      42
      61
      79
      54
      50
      50
      30
      34
      19
      24
      19
      21
      11
      13
      21
      20
      27
      29
      26
      21
      16
      27
      16
      17
      18
      20
      14
      15
      20
      26
      17
      13
      14
      20
      15
      14
      15
      20
      18
      21
      22
      25
      19
      18
      24
      23
      23
      15
      26
      17
      23
      22
      24
      14
      21
      12
      13
      15
      14
      18
      27
      18
      24
      24
      17
      26
      27
      20
      22
      25
      15
      19
      19
      17
      12
       9
       9
      18
      14
      18
      18
      23
      24
      20
      23
      23
      25
      33
      28
      24
      19
      14
      14
      25
      25
      14
      26
      18
      22
      19
      21
      20
      15
      14
      18
      19
      17
      20
      13
      12
      27
      17
      16
      21
       7
      21
      11
      14
      14
      18
      20
      11
      23
      17
      15
      15
      15
      21
      17
      16
      16
      12
      14
      13
      18
      22
      20
      16
      18
      12
      17
      15
      11
      19
      13
      11
      17
      24
      16
      15
      16
      12
      15
      19
      14
      10
      18
      18
      18
      12
      20
      18
      17
      27
      21
      17
      26
      26
      13
      25
      15
      14
      16
      12
      19
      21
      16
      24
      41
      67
      83
     142
     167
     174
     123
      95
      68
      35
      21
      17
       8
      13
      12
      20
      12
      20
      19
      10
      16
      18
      16
      16
      10
      14
      12
      19
      13
      17
      14
      16
      18
      13
      12
      12
      18
      24
      16
      14
      17
      15
      21
      16
      14
      16
      16
      18
      18
      18
      13
      19
      12
      16
      16
      14
      11
      18
      20
      24
      17
      18
      23
      17
      14
      23
      16
      18
      24
      18
      15
       9
       8
      13
      23
      16
      17
      16
      25
      19
      21
      15
      18
      15
      19
      17
      13
      20
      21
      19
      45
      73
     123
     241
     376
     595
     693
     654
     562
     385
     253
     114
      38
      21
      15
      11
      23
      13
      14
      11
       7
      23
      11
      24
      15
      11
      18
      15
      16
      15
      22
      18
      18
      14
      10
      18
      17
      15
      11
      20
      12
      15
      19
      14
      14
      10
      17
      17
      13
      21
      16
      15
      17
      13
      16
      16
      19
      14
      10
      16
      23
      13
      10
      14
      13
      11
      15
      13
      10
      15
       6
      11
      18
      13
      12
      18
      20
      11
      11
       9
       8
      14
      15
      11
      10
      11
       9
      15
       7
      12
       7
      12
      16
       9
      12
      13
      10
      13
      11
      24
      10
      12
      17
      18
      15
      13
      14
      16
       9
      18
      13
      17
      16
      18
      12
      14
      17
      18
      14
      10
      12
      14
      11
      13
      21
      15
       9
      27
      14
      15
      21
      10
      17
      12
      12
      15
      11
       9
       8
      21
      19
       9
      15
      12
      16
      12
      16
      15
      14
      12
      21
      10
      12
      15
      19
      25
      10
      18
       8
      10
      14
      17
      22
      22
       9
      16
      22
      16
      23
      13
      14
      13
      15
      14
      15
      11
      20
      19
      14
      17
      19
      15
      18
      15
      12
      14
      15
      22
      20
      11
      13
      17
      20
      19
      16
      20
      18
      18
      23
      18
      39
      24
      28
      21
      17
      27
      18
      18
      21
      10
      21
      17
      13
      23
      17
      11
      11
      15
      23
      27
      29
      41
      59
      88
     113
      85
      79
      74
      54
      27
      21
      14
      22
       9
      11
      21
       6
      15
      15
      16
       9
      17
      11
      12
      16
      13
      10
      13
      14
      17
      12
      16
      14
      20
      18
      20
      10
       9
       9
      10
      16
      13
       9
      18
      13
      18
      17
      20
      11
      20
      12
      18
      13
      11
      20
      14
      13
      16
      16
      18
      16
      18
       9
      16
      14
      15
      21
      13
      13
      21
      27
      30
      27
      18
      24
      24
      11
      22
      16
      15
      16
      16
      10
      21
      15
      19
      17
      17
      15
      19
      17
      11
      13
      25
      19
      12
      17
      15
      16
      18
      15
      14
      17
      15
      16
      16
      21
      18
      18
      15
      19
      19
      17
      23
      21
      16
      19
      14
      15
      24
      16
      18
      19
      19
      12
      18
      12
      14
      19
      16
      16
      29
      21
      22
      19
      21
      13
      17
      22
      18
      17
      18
      14
      13
      19
      14
      11
      13
      20
      12
      13
      12
      13
      27
      11
      11
      14
      17
      12
      16
       9
      13
       8
      14
      17
      15
      17
       8
      11
      12
      15
      19
      14
      14
      14
      14
      13
      19
      13
      21
      14
      12
      18
      16
      14
      16
      17
      10
      13
      16
       9
       8
      16
      12
      13
      20
      16
      19
      12
      18
      17
      19
      17
      18
      16
      22
      14
      17
      12
      15
      14
      20
      10
      20
      17
      19
      19
      24
      10
      15
      12
      14
      16
      15
      10
      21
      26
      12
      13
      13
      17
      11
      18
      25
      18
      13
      21
      16
      16
      22
      15
      22
      18
      20
      18
      13
      19
      17
      12
       9
      11
      18
      18
      18
      11
      16
      20
      13
      13
      24
      16
      15
      19
      22
      19
      15
      14
      18
      10
      23
      12
      18
      18
      11
      15
      16
      17
      23
       8
      12
      19
      16
      17
      24
      14
      13
      12
      16
      19
      11
      10
      13
      17
      14
      20
      15
      16
      18
      19
      12
      12
      11
      15
      19
      14
      13
      15
      11
      12
      13
       9
       6
      19
      13
      18
      10
      20
      11
      19
      15
      19
      15
      10
      12
      12
      12
      16
      15
      13
      18
      19
      13
      12
      13
      19
      12
      12
      10
      13
      11
       9
      13
      15
      18
       9
      18
      16
      16
      18
      14
      15
      23
      20
      13
      12
      10
      17
      19
      15
      14
       8
      11
      18
      17
      12
      18
      11
      14
      14
      21
      12
      14
      12
       8
      13
      22
      14
      10
      15
      21
      17
      10
      14
      15
       7
      16
      14
       8
      15
      16
      15
      12
      19
       7
      15
      11
      19
      13
      16
      16
      15
      15
      14
      10
      11
      17
      20
       9
      22
      15
      16
      23
      24
      16
      10
       7
      12
      14
       7
       9
      13
      14
      12
       8
      14
      14
       8
      13
      20
       6
      22
      17
      12
      17
      22
      21
       8
      11
      13
      16
      11
      15
      20
      18
      12
      21
      13
      11
      20
       8
      16
      20
      15
      18
      13
       8
      11
       9
      17
      12
      19
       5
      11
      12
      13
      16
      14
      18
      14
      21
      15
       9
      21
       4
      14
      18
      16
       8
      10
      11
      15
      15
      16
      15
      11
      15
      10
      13
      16
      14
      21
      17
      10
      15
      14
      10
      15
      22
      18
      11
      18
      17
      28
      16
      15
      12
      12
      16
       7
      10
      18
      12
      13
      15
      10
      10
      10
      13
      12
      11
       9
       9
      12
      16
      17
      14
       9
      10
      15
      16
      17
      12
       9
      15
      17
      16
      15
      23
      11
      11
       7
      21
      10
      14
      11
      11
      12
      19
      20
      15
      18
      14
      11
      18
      10
       8
      13
      11
      13
      13
      14
      12
      18
      13
       9
      11
      16
      10
       7
      14
      14
      16
      16
       9
      21
       9
       9
       9
      11
      13
      10
       9
       9
      16
      20
       4
      20
      15
      15
      17
      19
      11
      16
      11
      15
      15
      12
       9
      11
      14
      15
       8
       9
      10
       9
       9
       7
      16
      10
      18
      19
       7
      11
      17
      22
       8
      20
      12
      12
      10
      15
      17
      10
      19
      15
      18
      16
       9
       8
      11
       9
      15
      11
      13
      13
      11
      16
       9
      18
      13
       9
      17
      16
      16
      14
       9
      19
      14
      13
      11
      13
      19
      13
      12
      14
      14
      16
      14
       6
      13
      23
       9
      13
      17
       8
      10
      18
      15
      13
      21
      21
      28
      39
      41
      64
      86
      92
     101
     122
     111
      85
      99
      67
      55
      41
      37
      32
      26
      14
      18
      16
      16
      14
      22
      10
      13
      13
      25
      12
      17
      17
      12
      11
      19
      22
      14
      15
       8
       9
      20
       5
      17
      18
      18
      31
      38
      46
      48
      50
      41
      42
      37
      22
      20
      14
      19
       9
      17
      13
      10
      13
      14
      11
      15
      21
       8
      14
      10
      17
      14
      11
      19
      14
      10
      14
      17
      12
      16
      14
      11
      17
      12
      17
      10
      12
      11
      15
      18
      16
       8
      11
      12
      10
      14
       9
      10
      14
       8
      18
      11
      14
      12
      13
      14
      12
      16
      10
      11
      16
      16
      11
      18
      12
      12
      10
      10
       9
      17
      19
      18
      14
      21
      11
      13
      16
      14
      14
      11
      14
      18
      18
       7
      11
      14
       8
      12
       8
      20
      17
      15
      14
      15
      18
      26
       4
       9
      15
      18
      11
      15
       9
      19
      16
      13
      19
      13
      16
      16
       9
      10
      12
      18
      13
      15
      12
      16
      11
      20
      10
      14
      12
      15
      14
      14
      17
      17
      15
      11
      17
       9
      14
      10
      10
      14
      12
      10
      14
      14
      11
      15
      14
      11
      11
      14
      19
      21
      18
      18
      16
       9
      13
      14
      15
      15
      12
      17
      12
      12
      10
      13
      21
       8
      13
      15
      15
      15
      23
      12
      12
      11
      12
      16
      16
      11
      14
      17
      19
      12
      14
      20
      10
      10
      17
      20
      20
      15
      14
      14
      16
      13
      20
      18
      13
      21
       9
      20
      12
      23
      20
      19
      15
      14
      11
      16
      15
      21
      14
      22
      12
      21
      17
      18
      12
      18
      17
      14
      26
      28
      46
      58
      88
     118
     152
     188
     169
     161
     112
      68
      46
      27
      14
      16
      14
      12
      14
      24
      13
      15
      24
       9
      17
      13
      17
      13
      14
      14
      19
      20
      12
      14
       9
      12
      14
      19
      10
      17
      16
      14
      23
      14
      16
      15
      22
       9
      13
      16
      14
      17
      16
      11
      14
      15
      17
      20
      10
      13
      12
      16
      16
      13
      11
      13
      18
      12
      16
       9
      11
      20
      15
       7
      15
      19
      16
      12
      19
      17
      13
      13
      13
      11
      19
      19
      19
      11
      17
       6
      22
      12
       8
      18
      17
      13
      14
      15
      14
      12
      12
      18
      16
      25
      10
      19
      20
      18
      16
      17
      17
      15
      15
      15
      13
      15
      12
      15
      24
      18
      21
      21
      26
      19
      18
      16
      16
      17
      13
      14
      16
      17
      16
      13
      10
      12
      14
      14
       7
      17
      18
      17
      13
      15
      18
      12
      23
      12
      12
      10
      24
      16
      21
      22
      12
      13
      11
      19
      20
      15
      12
      12
      17
      25
      12
      11
      13
      15
      16
      19
      23
      15
      20
      11
      20
      24
      21
      15
      17
      14
      12
      13
      13
      17
      12
      14
      15
      17
      17
       9
      14
      10
      10
      20
      15
      22
      19
      12
      15
      13
      11
      10
      16
      14
      16
      14
      13
      15
      15
      21
      11
      13
      20
      21
      12
      17
      18
      16
      15
      14
      18
      10
      16
      17
      13
      16
      18
      10
      11
      22
      18
      30
      15
      13
      18
      19
      15
      28
      26
      24
      18
      32
      29
      29
      27
      25
      22
      15
      16
      28
      26
      21
      15
      16
      22
      17
      14
      13
      18
      33
       9
      14
      21
       9
      20
      20
      20
      12
      20
      19
      18
      17
      12
      14
       7
      15
      18
      18
      17
      19
      14
      20
      13
      11
      17
       7
      19
      16
      13
      19
      12
      19
      16
      21
      15
      26
      14
      22
      17
      19
      14
      21
      12
      14
      15
      19
      17
      20
      16
      23
      18
      14
      11
      15
      13
      14
      16
      12
      14
      13
      16
      14
      17
      18
      21
      23
      18
      16
      17
      10
      20
      17
      11
      24
      11
      21
      20
      16
      11
      21
      17
      18
      21
      16
      19
      15
      17
      19
      24
      24
      26
      16
      12
      22
      15
      14
      19
      15
      18
      11
      15
      18
      15
      21
      20
      15
      18
      26
      25
      20
      21
      22
      20
      19
      17
      18
      21
      17
      16
      24
      23
      14
      22
      14
      19
      21
      12
      19
      24
      21
      20
      22
      16
      18
      17
      23
      23
      22
      21
      23
      17
      19
      18
      20
      20
      22
      20
      19
      12
      18
      14
      14
      17
      15
      20
      26
      15
      19
      19
      27
      15
      23
      15
      13
      23
      22
      23
      15
      24
      18
      19
      19
      14
      22
      12
      26
      32
      21
      17
      22
      14
      14
      25
      23
      19
      14
      14
      19
      27
      19
      12
      13
      23
      15
      19
      17
      17
      23
      22
      19
      17
      20
      15
      24
      18
      22
      19
      19
      18
      18
      12
      19
      20
      14
      23
      16
      16
      18
      12
      19
       7
      14
      12
      15
      10
      18
      25
      16
      16
      16
      19
      14
      18
      10
      16
       9
      14
      12
      15
      12
      10
      14
       7
      15
      16
      16
      10
      16
       8
      17
      20
      11
      13
       9
      14
      11
      20
      10
      13
      15
      16
      10
      18
       8
      13
      15
      18
      10
      16
      14
      18
      13
      15
       8
      13
      17
      21
      14
      14
      12
      12
      14
      16
      11
      15
      17
      10
      10
      13
       9
      18
      12
      13
       8
      16
      16
      10
      17
      17
      10
      16
      11
      13
      15
      10
      13
       9
      10
      10
      11
      21
       8
       8
      17
      16
      11
       9
       9
      19
      10
      16
      14
      16
      20
      10
      14
       7
      13
      14
      12
      16
      14
      16
       5
      11
      10
      16
       9
      13
      10
      18
       9
      14
      15
      14
       9
      18
      14
      14
      13
      22
       7
      11
      16
      11
      11
      17
      14
       8
      11
      15
       8
      13
      15
       9
       9
      10
       9
      11
      15
      13
      12
      15
      14
      14
      15
      15
      11
      15
       8
      12
      12
      17
      14
      22
      45
      35
      50
      45
      65
      51
      39
      22
      17
      17
      19
       9
      10
      16
       9
      17
      10
      13
      17
      14
      15
       4
       8
      14
       9
       9
       8
      12
       2
      14
       8
      15
      11
       9
      15
      10
      12
      14
       7
      10
       8
      11
      10
       4
       7
      16
      11
      12
      13
      11
      14
      12
       9
      12
       7
      10
       9
      14
       7
       9
       1
      17
      10
      12
      12
       6
       9
       6
       8
      17
      12
       5
      12
      11
       8
       6
      11
      15
       6
      12
       9
       9
      15
      12
       7
       9
       6
      16
       9
       9
       6
      11
       9
       6
       6
      12
       4
      11
       8
      10
       6
      10
       8
       7
      11
      10
       4
       6
      11
      10
       3
       4
       9
       6
      19
      13
       6
       6
       7
      11
       3
       8
       7
       7
       7
      11
       6
      10
       9
      12
       9
      11
       5
       6
       8
       9
      10
       7
       9
      10
       5
       8
       7
      10
      10
       3
       3
       6
       5
       8
       4
       5
      11
      11
       8
       6
       5
      10
       3
       6
       5
       6
       8
       4
       7
      12
       5
       8
       8
       3
       7
       4
       7
       5
       3
       5
       5
       6
       6
       3
       6
       5
       7
       1
       5
       6
       2
      11
       3
       2
       2
       4
       6
       8
       3
       3
       3
       5
       7
       8
       3
       8
       5
       2
       9
       3
       7
       4
       5
       6
       7
       3
       4
       4
       3
       4
       7
       7
       7
       5
       4
      10
       7
       4
       3
       5
      10
       7
       5
       6
       3
       5
       1
       7
       5
       4
       3
       1
       4
       7
       8
       7
       5
       5
       3
       8
       5
       3
       4
       7
       7
       1
       7
       4
       6
       3
       5
       7
       6
       1
       2
       5
       3
       4
       6
       7
       4
       7
       4
       4
       3
       9
       6
       5
       3
       3
       7
       4
       4
       6
       6
       5
       3
       6
       7
       3
       5
       2
       6
      11
       7
       6
       4
       5
       6
       6
       6
       9
       6
       6
       6
       6
       4
       6
       6
       3
       5
       9
       4
       5
       1
       8
       7
       6
       4
       3
       6
       6
       3
       5
       5
       2
       5
       6
       7
       8
       2
       3
       5
       4
       5
       7
       3
       5
       2
       7
       5
       6
       4
       7
       4
       5
       5
       5
       8
       8
       9
       2
       3
       7
       6
       1
       4
       3
       3
       5
       2
       4
       5
       1
      11
       4
       4
       3
       2
       3
       1
       6
       6
       6
       3
       7
       1
       4
       2
       8
       3
       4
       8
       6
       9
       6
       2
       1
       5
       2
       9
       4
       5
       4
       6
       4
       3
       4
       9
       1
       4
       7
       6
       4
       2
       2
       4
       6
       4
       6
       3
       5
       5
       7
       6
       8
       6
       7
       3
       4
       2
       5
       6
       4
       7
       3
       4
       4
       6
       9
       4
       6
       9
       5
       8
      15
      17
      29
      43
      75
     137
     232
     316
     491
     699
     841
     983
     937
     805
     650
     419
     253
     138
      46
      31
      17
      10
       7
       4
       3
       5
       3
       5
       9
       5
       0
       2
       2
       5
       6
       2
       1
       4
       5
       3
       3
       3
       1
       6
       5
       3
       3
       3
       2
       2
       6
       3
       2
       3
       4
       3
       4
       4
       1
       1
       4
       1
       5
       0
       4
       5
       5
       6
       4
       5
       3
       2
       2
       2
       3
       0
       5
       2
       3
       2
       3
       2
       1
       3
       5
       4
       4
       4
       5
       4
       6
       3
       5
       5
       4
       4
       2
       2
       6
       4
       2
       6
       5
       2
       2
       0
       5
       3
       4
       4
       1
       1
       2
       2
       2
       4
       6
       2
       5
       4
       3
       2
       4
       0
       4
       3
       2
       5
       4
       6
       5
       4
       3
       7
       2
       2
       4
       2
       4
       3
       3
       3
       1
       3
       5
       3
       1
       6
       3
       1
       5
       3
       2
       2
       0
       3
       1
       3
       5
       1
       4
       3
       3
       6
       2
       1
       7
       3
       6
       0
       3
       1
       2
       2
       4
       3
       1
       3
       4
       4
       3
       1
       1
       1
       2
       4
       2
       1
       2
       4
       3
       2
       2
       6
       2
       2
       1
       3
       7
       5
       4
       3
       3
       5
       1
       4
       3
       3
       2
       4
       4
       1
       2
       1
       6
       5
       2
       4
       6
       6
       3
       2
       2
       5
       5
       1
       6
       3
       3
       4
       2
       5
       5
       3
       5
       3
       4
       3
       4
       5
       6
       2
       7
       3
       2
       0
       4
       4
       4
       1
       4
       4
       1
       4
       3
       2
       3
       2
       4
       3
       4
       3
       5
       0
       3
       2
       4
       1
       3
       1
       4
       1
       1
       2
       3
       3
       4
       3
       6
       1
       3
       1
       5
       5
       5
       2
       1
       3
       1
       4
       6
       5
       0
       2
       3
       3
       3
       3
       2
       3
       5
       0
       4
       2
       5
       5
       4
       2
       1
       6
       1
       3
       0
       5
       6
       2
       3
       5
       1
       4
       1
       5
       3
       3
       3
       1
       3
       3
       1
       5
       1
       4
       4
       4
       2
       2
       3
       2
       2
       4
       4
       2
       1
       5
       2
       3
       3
       1
       3
       5
       0
       4
       0
       3
       1
       8
       3
       4
       3
       6
       3
       5
       6
       2
       6
       4
       2
       2
       4
       4
       1
       2
       5
       1
       2
       1
       4
       2
       1
       3
       6
       0
       4
       2
       4
       4
       4
       0
       4
       4
       0
       1
       5
       3
       4
       1
       1
       7
       4
       2
       2
       2
       0
       6
       3
       4
       4
       0
       1
       6
       0
       2
       3
       1
       5
       2
       6
       3
       3
       2
       2
       5
       3
       1
       2
       6
       4
       0
       3
       2
       1
       2
       2
       1
       3
       2
       1
       2
       2
       3
       2
       0
       4
       1
       4
       1
       8
       2
       2
       6
       4
       2
       4
       1
       6
       3
       4
       7
       5
       2
       4
       1
       7
       4
       4
       3
       3
       8
       4
       5
       2
       4
       2
       0
       2
      10
       2
       5
       4
       2
       3
       4
       0
       4
       5
       2
       4
       3
       4
       2
       4
       2
       3
       3
       2
       4
       3
       3
       5
       3
       2
       1
       1
       6
       2
       2
       1
       0
       1
       4
       8
       3
       2
       4
       5
       1
       5
       5
       2
       1
       3
       1
       5
       5
       2
       2
       1
       3
       5
       1
       3
       5
       5
       2
       1
       2
       1
       1
       2
       3
       4
       2
       5
       0
       2
       4
       4
       0
       4
       8
       3
       3
       4
       1
       6
       1
       3
       2
       2
       4
       0
       4
       1
       0
       3
       4
       4
       5
       2
       3
       3
       4
       4
       4
       4
       3
       2
       2
       1
       2
       4
       3
       3
       2
       5
       1
       6
       1
       4
       0
       1
       3
       6
       3
       2
       2
       3
       2
       1
       3
       2
       1
       5
       2
       1
       4
       4
       1
       2
       2
       2
       2
       4
       5
       3
       3
       2
       1
       4
       5
       2
       2
       3
       2
       4
       3
       1
       2
       2
       5
       2
       2
       2
       5
       1
       3
       2
       3
       2
       0
       2
       2
       4
       2
       6
       3
       2
       3
       1
       2
       4
       3
       2
       2
       0
       1
       0
       2
       4
       1
       2
       2
       3
       4
       0
       3
       3
       2
       2
       1
       6
       1
       2
       4
       3
       1
       3
       5
       3
       3
       6
       1
       2
       4
       2
       1
       4
       4
       3
       0
       4
       0
       1
       6
       3
       1
       0
       3
       1
       3
       4
       1
       2
       4
       3
       2
       5
       6
       3
       3
       0
       3
       4
       0
       4
       1
       2
       4
       4
       2
       3
       2
       2
       5
       0
       4
       3
       2
       1
       2
       5
       3
       0
       0
       2
       1
       2
       4
       3
       4
       6
       6
       3
       3
       4
       4
       1
       3
       1
       1
       3
       2
       0
       2
       4
       2
       0
       0
       1
       2
       1
       3
       3
       1
       3
       3
       3
       3
       3
       6
       0
       1
       2
       4
       4
       2
       4
       2
       3
       1
       2
       3
       4
       2
       3
       1
       1
       2
       1
       3
       3
       1
       2
       1
       5
       3
       0
       3
       3
       5
       2
       4
       5
       5
       3
       3
       2
       0
       2
       1
       3
       1
       0
       5
       4
       2
       5
       1
       3
       2
       3
       3
       2
       3
       3
       3
       1
       2
       0
       2
       3
       3
       3
       3
       5
       0
       4
       1
       1
       2
       7
       4
       1
       2
       1
       4
       2
       1
       3
       1
       1
       3
       2
       1
       2
       3
       3
       5
       0
       1
       2
       3
       3
       0
       2
       1
       2
       4
       1
       5
       1
       4
       2
       2
       3
       5
       2
       1
       0
       1
       2
       4
       4
       2
       3
       2
       5
       2
       2
       3
       0
       1
       0
       1
       0
       1
       3
       2
       2
       1
       3
       0
       2
       1
       1
       0
       5
       2
       6
       0
       4
       2
       3
       8
       4
       5
       1
       4
       2
       3
       1
       4
       4
       0
       1
       7
       2
       3
       4
       1
       1
       4
       1
       0
       2
       2
       1
       1
       1
       5
       3
       1
       4
       2
       2
       1
       2
       2
       3
       2
       5
       2
       2
       0
       4
       0
       1
       2
       1
       1
       2
       1
       2
       3
       2
       3
       3
       3
       1
       2
       1
       2
       1
       3
       2
       4
       1
       0
       3
       3
       1
       1
       0
       2
       2
       2
       5
       8
       1
       1
       4
       3
       2
       0
       1
       2
       3
       4
       5
       4
       3
       2
       0
       4
       1
       4
       1
       2
       1
       2
       2
       4
       1
       4
       2
       3
       1
       1
       2
       3
       2
       1
       1
       4
       3
       4
       3
       1
       2
       5
       3
       4
       1
       0
       0
       2
       2
       1
       1
       1
       2
       2
       1
       2
       3
       1
       2
       3
       1
       4
       2
       2
       4
       2
       2
       0
       3
       3
       3
       1
       0
       0
       0
       1
       3
       2
       6
       0
       1
       2
       0
       1
       1
       5
       3
       4
       3
       1
       0
       2
       2
       3
       3
       0
       0
       1
       1
       0
       3
       2
       2
       2
       3
       2
       0
       1
       2
       3
       1
       0
       3
       3
       3
       1
       2
       1
       1
       2
       4
       0
       2
       1
       3
       1
       1
       2
       2
       2
       6
       1
       3
       2
       1
       1
       1
       2
       2
       1
       1
       2
       1
       1
       0
       0
       4
       2
       1
       1
       1
       1
       0
       0
       0
       3
       2
       2
       0
       0
       3
       3
       2
       0
       0
       3
       1
       0
       2
       0
       0
       2
       1
       2
       2
       2
       4
       2
       1
       2
       3
       2
       0
       1
       3
       1
       1
       1
       3
       2
       4
       0
       0
       1
       0
       1
       1
       2
       3
       1
       0
       1
       2
       0
       1
       0
       2
       0
       0
       0
       0
       0
       0
       0
       0
       0
       0
       0
       0
       0
       0
       0
       0
       0
       0
       0
       0
       0
       0
       0
       0
       0
       0
       0
       0
       0
       0
       0
       0
       0
       0
       0
       0
       0
       0
       0
       0
       0
       0
       0
       0
       0
       0
       0
       0
       0
       0
       0
       0
       0
       0
       0
       0
       0
       0
       0
       0
       0
       0
       0
       0
       0
       0
       0
       0
       0
       0
       0
       0
       0
       0
       0
       0
       0
       0
       0
       0
       0
       0
       0
       0
       0
       0
       0
       0
       0
       0
       0
       0
       0
       0
       0
       0
       0
       0
       0
       0
       0
       0
       0
       0
       0
       0
       0
       0
       0
       0
       0
       0
       0
       0
       0
       0
       0
       0
       0
       0
       0
       0
       0
       0
       0
       0
       0
       0
$ROI:
91
177 185
241 249
265 273
467 476
487 496
507 516
520 532
546 558
572 584
607 614
625 632
653 660
686 694
708 716
744 752
773 781
786 794
824 832
844 858
884 898
919 933
956 970
1179 1194
1211 1226
1238 1253
1309 1325
1336 1351
1377 1393
1505 1518
1527 1543
1568 1584
1596 1612
1639 1655
1711 1720
1737 1746
1780 1789
1858 1880
1904 1926
1951 1973
2365 2378
2392 2405
2417 2430
2432 2442
2454 2464
2477 2487
2520 2532
2545 2557
2587 2599
2889 2909
2939 2959
2992 3012
3203 3223
3249 3269
3299 3319
3578 3594
3618 3634
3659 3675
3698 3714
3733 3749
3793 3813
3835 3855
3904 3924
4133 4148
4172 4187
4227 4242
4259 4274
4284 4299
4332 4347
4364 4379
4396 4411
4503 4527
4541 4565
4585 4609
4633 4657
4707 4731
4816 4836
4853 4873
4922 4942
5484 5503
5528 5547
5567 5586
5607 5627
5743 5765
5789 5811
5843 5864
6388 6413
6431 6456
6518 6543
6817 6841
6872 6896
6954 6980
$PRESETS:
Live Time
80000
0
$ENER_FIT:
-0.628185 0.380052
$MCA_CAL:
3
-6.281850E-001 3.800522E-001 -1.024417E-008 keV
$SHAPE_CAL:
3
7.747044E+000 -1.422939E-003 1.836274E-007
