$SPEC_ID:
No sample description was entered.
$SPEC_REM:
DET# 1
DETDESC# BETA MCB 129 Input 1
AP# GammaVision Version 6.09
$DATE_MEA:
04/24/2014 13:06:44
$MEAS_TIM:
80000 80081
$DATA:
0 8191
       0
       0
       0
       0
       0
       0
       0
       0
       0
       0
       0
       0
       0
       0
       0
       0
       0
       0
       0
       0
       0
       0
       0
       0
       0
       0
       0
       0
       0
       0
       0
       0
       0
       0
       0
       0
       0
       0
       0
       0
       0
       2
      36
      20
      49
     375
     593
     737
     925
    1247
    1629
    1954
    1993
    1909
    1640
    1521
    1491
    1527
    1538
    1568
    1562
    1479
    1552
    1552
    1488
    1543
    1396
    1390
    1431
    1359
    1414
    1397
    1365
    1310
    1292
    1418
    1368
    1381
    1277
    1287
    1321
    1255
    1289
    1349
    1281
    1295
    1268
    1286
    1192
    1216
    1181
    1248
    1259
    1254
    1239
    1227
    1260
    1236
    1253
    1362
    1244
    1170
    1242
    1206
    1214
    1286
    1217
    1193
    1115
    1187
    1215
    1166
    1172
    1201
    1179
    1152
    1239
    1231
    1143
    1231
    1266
    1305
    1347
    1246
    1192
    1207
    1152
    1187
    1175
    1192
    1154
    1183
    1159
    1210
    1212
    1229
    1241
    1146
    1197
    1298
    1199
    1239
    1186
    1244
    1272
    1231
    1250
    1236
    1284
    1278
    1328
    1247
    1340
    1346
    1305
    1356
    1334
    1375
    1372
    1432
    1419
    1389
    1423
    1431
    1466
    1652
    1970
    1799
    1493
    1485
    1478
    1521
    1502
    1600
    1487
    1570
    1544
    1639
    1652
    1626
    1659
    1641
    1647
    1601
    1713
    1737
    1659
    1702
    1758
    1759
    1915
    1956
    1941
    1908
    1918
    2622
    3956
    3958
    2603
    1889
    1932
    3006
    5200
    5459
    2889
    1677
    1605
    1627
    1678
    1739
    1615
    1543
    1727
    1789
    1590
    1518
    1606
    1592
    1643
    1819
    2034
    2164
    2039
    1796
    1805
    1690
    1736
    1982
    2669
    3040
    2907
    1984
    1634
    1570
    1792
    2042
    2577
    2483
    1850
    1550
    1552
    1806
    2398
    3065
    3166
    2818
    2251
    1799
    1636
    1616
    1564
    1508
    1484
    1554
    1443
    1456
    1480
    1605
    1584
    1638
    1570
    1661
    1711
    1560
    1541
    1583
    1513
    1533
    1439
    1498
    1534
    1557
    1567
    1503
    1582
    1624
    1674
    1703
    1713
    1576
    1565
    1556
    1551
    1550
    1539
    1622
    1578
    1677
    1547
    1562
    1582
    1545
    1569
    1754
    1584
    1476
    1715
    1743
    1608
    1516
    1558
    1556
    1682
    1680
    1579
    1577
    1617
    1546
    1620
    1487
    1542
    1533
    1561
    1567
    1566
    1628
    1556
    1594
    1606
    1592
    1653
    1508
    1550
    1525
    1567
    1566
    1635
    1660
    1582
    1571
    1603
    1618
    1646
    1623
    1574
    1627
    1667
    1700
    1793
    2130
    2047
    1698
    1577
    1562
    1634
    1682
    1652
    1640
    1639
    1622
    1609
    1584
    1570
    1626
    1645
    1545
    1577
    1657
    1573
    1609
    1625
    1607
    1511
    1523
    1578
    1637
    1611
    1570
    1601
    1636
    1540
    1589
    1587
    1577
    1585
    1544
    1537
    1696
    1882
    1833
    1707
    1540
    1588
    1589
    1653
    1583
    1538
    1542
    1524
    1543
    1534
    1523
    1506
    1543
    1452
    1521
    1534
    1522
    1542
    1526
    1565
    1513
    1518
    1569
    1729
    1767
    1723
    1559
    1543
    1424
    1445
    1482
    1437
    1475
    1512
    1454
    1497
    1467
    1454
    1522
    1392
    1483
    1443
    1404
    1445
    1453
    1419
    1359
    1433
    1495
    1581
    1466
    1363
    1446
    1482
    1378
    1304
    1344
    1381
    1468
    1454
    1415
    1415
    1326
    1324
    1398
    1375
    1369
    1339
    1304
    1310
    1331
    1386
    1375
    1325
    1272
    1219
    1344
    1319
    1270
    1315
    1272
    1312
    1341
    1245
    1292
    1260
    1252
    1329
    1282
    1302
    1298
    1309
    1330
    1337
    1273
    1335
    1266
    1293
    1252
    1284
    1285
    1400
    1312
    1347
    1307
    1320
    1762
    2735
    3700
    3387
    2233
    1492
    1313
    1269
    1260
    1230
    1271
    1236
    1244
    1239
    1257
    1276
    1217
    1254
    1230
    1189
    1281
    1266
    1267
    1190
    1258
    1316
    1283
    1229
    1262
    1216
    1249
    1229
    1216
    1183
    1156
    1195
    1208
    1251
    1320
    1171
    1214
    1194
    1168
    1198
    1200
    1241
    1166
    1126
    1151
    1218
    1210
    1184
    1268
    1278
    1212
    1220
    1151
    1158
    1117
    1122
    1143
    1188
    1424
    1870
    1920
    1490
    1208
    1074
    1071
    1076
    1123
    1073
    1042
    1100
    1069
    1052
    1101
    1071
    1109
    1094
    1099
    1128
    1162
    1063
    1079
    1040
    1076
    1057
    1006
    1108
    1066
    1095
    1046
    1082
    1144
    1069
    1010
    1110
    1081
    1087
    1079
     998
    1062
    1099
    1060
    1149
    1099
    1079
    1044
    1062
    1066
    1040
    1020
     990
    1037
    1036
    1086
    1037
    1043
    1018
    1011
    1050
    1037
    1034
    1036
    1063
    1068
    1048
    1060
    1089
    1053
    1106
    1037
    1218
    1332
    1148
    1094
    1049
    1255
    3148
    8052
   11342
    7651
    2745
    1097
    1097
    1456
    1943
    2219
    3028
    3293
    2321
    1213
     930
     867
     866
     839
     867
     882
     836
     822
     813
     800
     869
     769
     786
     819
     800
     767
     770
     791
     806
     851
     787
     808
     758
     811
     764
     835
     827
     808
     787
     784
     823
     788
     834
     791
     866
     859
     774
     775
     798
     756
     854
     934
     914
     801
     772
     742
     765
     756
     787
     757
     725
     783
     757
     791
     770
     694
     772
     737
     779
     785
     706
     752
     755
     765
     725
     685
     721
     747
     857
    1095
    1289
    1396
    1295
    1004
     935
     840
     736
     694
     749
     724
     695
     718
     751
     767
     773
     785
     710
     688
     775
     923
    1068
     939
     760
     733
     677
     676
     657
     720
     664
     657
     692
     672
     700
     661
     615
     723
     696
     675
     684
     653
     607
     644
     629
     662
     672
     600
     667
     656
     776
     710
     693
     647
     647
     654
     653
     644
     638
     682
     663
     645
     630
     719
     639
     663
     862
    1959
    4511
    6139
    4293
    1715
     752
     610
     555
     602
     582
     580
     623
     643
     763
    1137
    1241
     978
     725
     579
     560
     585
     572
     570
     560
     543
     563
     555
     587
     608
     589
     563
     558
     617
     597
     591
     576
     548
     589
     585
     559
     533
     569
     547
     545
     565
     614
     530
     542
     531
     561
     544
     594
     546
     578
     562
     505
     569
     529
     540
     561
     554
     491
     521
     530
     533
     570
     495
     506
     512
     546
     519
     570
     557
     559
     549
     558
     590
     574
     543
     575
     549
     498
     534
     576
     544
     532
     629
     874
     987
     989
     690
     538
     565
     557
     549
     512
     516
     521
     545
     560
     564
     547
     518
     539
     530
     498
     506
     528
     557
     522
     509
     489
     560
     792
    1451
    2375
    2338
    1311
     675
     520
     526
     514
     545
     541
     543
     505
     503
     507
     478
     496
     490
     470
     467
     496
     476
     493
     500
     487
     452
     485
     490
     482
     501
     539
     538
     495
     519
     595
     859
    2357
    6289
    9244
    8012
    3597
    1055
     456
     444
     437
     475
     442
     455
     428
     413
     412
     479
     405
     480
     449
     449
     409
     419
     410
     415
     425
     383
     425
     437
     439
     428
     387
     387
     423
     454
     445
     435
     413
     444
     391
     414
     400
     469
     402
     444
     471
     455
     398
     425
     388
     399
     431
     431
     417
     430
     418
     429
     412
     389
     403
     425
     391
     416
     439
     449
     398
     424
     413
     436
     406
     422
     404
     412
     436
     396
     405
     411
     383
     408
     426
     429
     382
     437
     415
     405
     395
     429
     408
     402
     398
     389
     402
     381
     419
     454
     458
     477
     417
     432
     447
     474
     459
     406
     448
     382
     427
     401
     406
     415
     443
     396
     400
     428
     380
     438
     410
     397
     405
     426
     423
     419
     391
     400
     415
     414
     416
     433
     383
     381
     377
     410
     409
     430
     421
     476
     449
     442
     394
     400
     377
     400
     413
     422
     438
     399
     435
     413
     413
     397
     373
     419
     360
     423
     525
     684
     634
     543
     379
     391
     359
     367
     373
     372
     365
     382
     416
     391
     390
     382
     389
     390
     383
     418
     368
     393
     362
     376
     388
     363
     353
     385
     363
     371
     429
     415
     394
     382
     423
     417
     370
     397
     395
     357
     410
     372
     375
     360
     383
     377
     366
     364
     392
     403
     377
     394
     363
     349
     377
     343
     347
     407
     358
     360
     371
     347
     346
     359
     341
     347
     357
     375
     389
     358
     338
     367
     335
     371
     336
     359
     348
     403
     380
     429
     382
     339
     362
     375
     359
     350
     344
     362
     360
     341
     332
     330
     363
     379
     345
     362
     356
     300
     341
     355
     318
     385
     362
     339
     377
     358
     363
     355
     320
     330
     354
     315
     363
     332
     385
     389
     379
     365
     337
     339
     394
     388
     356
     339
     331
     341
     382
     324
     339
     367
     336
     333
     297
     323
     343
     313
     312
     396
     357
     386
     427
     605
     832
     850
     647
     434
     361
     346
     347
     325
     353
     353
     369
     325
     331
     325
     352
     317
     320
     331
     344
     340
     330
     352
     343
     348
     317
     352
     332
     349
     321
     293
     337
     330
     333
     343
     336
     314
     332
     325
     354
     354
     359
     319
     334
     333
     296
     349
     353
     332
     325
     337
     331
     293
     259
     290
     284
     245
     306
     261
     278
     298
     313
     269
     285
     317
     328
     331
     330
     283
     266
     253
     280
     287
     266
     298
     276
     290
     310
     288
     266
     260
     258
     290
     284
     304
     268
     276
     291
     270
     268
     292
     256
     272
     257
     283
     265
     243
     297
     262
     304
     284
     279
     269
     299
     250
     287
     282
     256
     293
     268
     275
     281
     243
     284
     241
     270
     248
     258
     266
     268
     300
     351
     338
     412
     485
     697
    1063
    1400
    1260
     933
     627
     452
     363
     346
     297
     287
     298
     277
     242
     250
     262
     236
     237
     225
     273
     240
     258
     277
     246
     260
     270
     236
     265
     254
     271
     268
     266
     260
     264
     254
     237
     268
     261
     208
     266
     254
     262
     268
     235
     233
     221
     241
     262
     269
     246
     264
     244
     211
     234
     254
     240
     221
     240
     226
     254
     298
     235
     252
     259
     244
     250
     240
     250
     222
     268
     240
     231
     249
     245
     233
     261
     214
     219
     221
     257
     235
     230
     230
     248
     208
     236
     238
     249
     254
     256
     228
     213
     206
     231
     229
     225
     276
     266
     240
     260
     245
     210
     218
     237
     253
     251
     265
     207
     244
     220
     263
     237
     214
     225
     204
     237
     246
     240
     223
     225
     232
     224
     233
     206
     245
     239
     238
     222
     216
     239
     221
     229
     232
     210
     210
     230
     252
     293
     325
     316
     278
     241
     220
     222
     235
     219
     229
     232
     201
     216
     216
     216
     248
     238
     237
     239
     215
     212
     257
     253
     244
     260
     232
     237
     246
     230
     247
     246
     260
     202
     206
     225
     218
     233
     205
     234
     240
     228
     204
     208
     193
     194
     234
     258
     267
     299
     271
     252
     247
     308
     578
    1342
    2584
    3186
    2472
    1252
     539
     270
     229
     217
     239
     212
     208
     220
     203
     203
     198
     215
     171
     197
     214
     193
     209
     191
     231
     194
     199
     206
     215
     219
     203
     229
     225
     182
     241
     210
     204
     202
     222
     193
     210
     188
     211
     207
     188
     213
     204
     210
     235
     205
     216
     233
     209
     231
     251
     226
     210
     214
     250
     241
     259
     226
     220
     202
     205
     223
     226
     242
     505
    1272
    3368
    5739
    6468
    4477
    1981
     688
     272
     205
     179
     187
     180
     189
     198
     211
     188
     225
     195
     185
     208
     195
     201
     217
     171
     200
     194
     193
     179
     214
     205
     206
     186
     179
     198
     178
     188
     165
     185
     215
     190
     175
     190
     174
     175
     171
     178
     195
     188
     192
     190
     194
     156
     160
     195
     179
     176
     200
     189
     183
     206
     191
     166
     187
     218
     168
     200
     209
     184
     210
     199
     182
     216
     184
     188
     193
     176
     177
     176
     187
     185
     207
     182
     192
     190
     186
     185
     166
     191
     165
     166
     193
     181
     200
     184
     206
     192
     182
     187
     179
     184
     185
     178
     204
     216
     178
     187
     181
     189
     186
     201
     222
     213
     203
     175
     178
     205
     191
     183
     183
     163
     174
     186
     174
     193
     180
     191
     181
     183
     179
     194
     217
     199
     210
     206
     211
     207
     303
     744
    2106
    4699
    7362
    7221
    4764
    1948
     578
     258
     195
     193
     200
     292
     278
     353
     261
     206
     159
     159
     161
     144
     172
     161
     156
     157
     165
     166
     177
     161
     163
     162
     153
     176
     156
     165
     136
     168
     188
     176
     147
     154
     163
     156
     185
     168
     171
     174
     156
     176
     166
     168
     154
     162
     173
     152
     150
     165
     155
     167
     157
     160
     196
     169
     177
     155
     137
     167
     173
     164
     150
     166
     194
     186
     170
     157
     188
     179
     152
     160
     177
     174
     158
     178
     169
     176
     168
     158
     182
     166
     157
     158
     172
     180
     163
     182
     158
     182
     160
     168
     169
     171
     204
     168
     186
     167
     176
     153
     167
     196
     172
     207
     202
     231
     199
     206
     191
     190
     182
     171
     170
     162
     157
     173
     189
     146
     186
     176
     173
     150
     186
     171
     176
     174
     170
     168
     168
     144
     162
     162
     142
     131
     158
     179
     159
     159
     148
     196
     154
     154
     151
     163
     160
     159
     156
     176
     184
     224
     215
     185
     187
     164
     158
     169
     183
     153
     159
     164
     145
     142
     142
     173
     190
     189
     223
     386
     597
     720
     690
     471
     271
     180
     160
     148
     161
     132
     143
     146
     160
     162
     128
     148
     153
     161
     144
     150
     145
     142
     139
     165
     135
     142
     155
     154
     154
     161
     153
     145
     157
     157
     139
     168
     138
     141
     153
     158
     172
     183
     162
     201
     172
     174
     137
     153
     149
     148
     160
     169
     166
     155
     135
     123
     129
     154
     157
     146
     136
     173
     161
     143
     162
     148
     169
     168
     141
     158
     181
     157
     148
     168
     229
     270
     221
     173
     187
     156
     138
     147
     162
     137
     157
     144
     146
     131
     150
     152
     140
     136
     135
     170
     161
     201
     186
     212
     177
     151
     138
     149
     189
     205
     224
     206
     253
     324
     562
     643
     628
     447
     265
     169
     132
     152
     135
     175
     208
     229
     247
     235
     172
     149
     155
     147
     121
     127
     160
     151
     138
     136
     167
     136
     140
     123
     144
     125
     146
     123
     127
     137
     129
     166
     178
     152
     173
     155
     148
     173
     128
     152
     190
     199
     297
     361
     290
     184
     190
     157
     159
     128
     144
     142
     146
     141
     129
     131
     143
     136
     150
     140
     131
     138
     148
     157
     170
     240
     387
     459
     418
     348
     246
     163
     147
     132
     131
     124
     124
     163
     123
     123
     133
     142
     158
     124
     140
     138
     119
     129
     139
     140
     137
     144
     132
     138
     146
     220
     222
     288
     223
     187
     143
     134
     157
     127
     135
     148
     127
     119
     129
     146
     124
     125
     113
     132
     128
     124
     132
     131
     127
     147
     124
     134
     123
     133
     138
     133
     131
     125
     134
     131
     161
     132
     137
     128
     142
     132
     157
     153
     131
     131
     153
     127
     122
     139
     135
     151
     138
     131
     142
     137
     134
     160
     108
     115
     121
     133
     123
     123
     146
     159
     154
     178
     164
     188
     157
     146
     165
     144
     149
     127
     149
     162
     161
     195
     243
     244
     224
     157
     129
     145
     152
     143
     195
     178
     202
     207
     215
     208
     193
     146
     138
     108
     137
     123
     125
     128
     112
     147
     134
     122
     106
     135
     129
     112
     122
     122
     142
     120
     137
     120
     130
     131
     135
     142
     143
     130
     115
     121
     134
     137
     122
     111
     125
     122
     135
     124
     127
     120
     111
     130
     131
     135
     135
     138
     144
     129
     134
     216
     301
     425
     432
     406
     259
     188
     155
     145
     142
     125
     131
     108
     140
     122
     115
     144
     135
     139
     139
     131
     124
     125
     143
     118
     129
     129
     130
     132
     144
     157
      99
     131
     107
     127
     160
     116
     107
     105
     115
     121
     120
     132
     128
     116
     114
     122
     113
     118
     104
     112
     127
     136
     139
     138
     136
     128
     114
     148
     130
     133
     132
     131
     129
     121
     134
     120
     127
     128
     135
     120
     130
     128
     127
     127
     125
     125
     118
     136
     125
     128
     122
     129
     108
     109
     113
     112
     129
     136
     164
     132
     128
     144
     126
     117
     117
     132
     140
     128
     132
     133
     135
     130
     127
     131
     144
     125
     109
     127
     123
     129
     121
     130
     130
     134
     148
     161
     164
     177
     174
     138
     135
     155
     140
     145
     138
     134
     123
     117
     149
     137
     164
     227
     445
     850
    1498
    1905
    1793
    1228
     619
     294
     171
     140
     112
     130
     118
     133
     112
     128
     112
     105
     136
     132
     126
     108
     137
     134
     126
     121
      99
     115
     136
     134
     116
     117
     125
     107
      99
     109
     138
     142
     131
     125
     125
     129
     118
     123
     125
     124
     149
     131
     116
     109
     136
     116
     108
     115
     105
     107
     109
     102
     110
     131
     171
     229
     303
     386
     381
     301
     206
     168
     135
     114
     143
     121
     111
     103
     122
     134
     117
     110
     114
     118
     130
     120
     121
     118
     110
     119
     116
     109
     128
     135
     125
     129
     130
     144
     124
     141
     112
     134
     123
     136
     142
     162
     168
     149
     170
     164
     163
     171
     153
     176
     147
     118
     152
     144
     139
     131
     129
     132
     116
     113
     132
     143
     119
     123
     116
     131
     151
     115
     150
     127
     114
     132
     105
     127
     118
     107
     112
     142
     138
     144
     155
     181
     312
     413
     463
     406
     312
     217
     152
     160
     139
     187
     334
     577
     893
    1117
    1123
     777
     411
     218
     131
     121
     124
     131
     111
     112
     114
     122
     115
     106
     125
     110
     126
     129
     128
     125
     109
     116
     131
     122
     104
     123
     135
     117
     128
     121
     104
     109
     110
     111
     132
     128
     108
     111
     123
     129
     121
     118
     127
     114
     113
     111
     115
     124
     120
     135
     129
     137
     109
     120
     104
     121
     127
     127
     116
     112
     132
     114
     130
     126
     130
     117
     117
     129
     117
     127
     115
     119
     109
     128
     117
      95
     125
     141
     102
     130
     143
     143
     163
     207
     226
     202
     169
     135
     119
     138
     119
     110
     147
     133
     115
     125
     128
     116
     125
     129
     100
      99
     149
     117
     109
     119
     120
     111
     117
     149
     119
     110
     117
     117
     106
     129
     123
     134
     123
     121
     136
     128
     105
     112
     115
     109
     108
     130
     113
     121
     115
     111
     114
     101
     132
     122
     122
     118
     128
     120
     110
     132
     104
      99
     116
     110
     107
     141
     136
     122
     105
     111
     116
      88
     139
     118
     125
     111
     109
     117
     109
     134
     117
     119
     126
     131
     125
     133
     147
     117
     119
     120
     117
     118
     114
     104
     113
     139
     112
     122
     116
     103
     126
     137
     111
     112
     135
     106
     104
      97
     125
     140
     126
     109
     109
     109
     111
     102
     128
     124
     116
     131
     107
     127
     122
     126
     127
     119
     109
     103
     116
      97
     121
     131
     142
     128
     132
     131
     138
     129
     134
     148
     121
     118
     119
     112
     120
     131
     142
     117
     109
     109
     123
     119
     147
     115
     127
      95
     118
     106
     112
     111
     120
     118
     128
     154
     117
     109
     119
     118
     120
     141
     150
     134
     133
     128
     105
     129
     117
     112
     118
     130
     122
     137
     142
     152
     143
     154
     140
     109
     133
     114
     128
     123
     130
     115
     130
     117
     125
     131
     126
     129
     115
     149
     122
     124
     133
     152
     151
     141
     148
     135
     116
     125
     138
     130
     127
     107
     115
     145
     123
     130
     113
     119
     132
     106
     131
     103
     139
     127
     130
     130
     109
     137
     120
     144
     127
     126
     142
     125
     134
     129
     116
     104
     132
     120
     134
     152
     129
     146
     169
     138
     118
     164
     146
     144
     108
     121
     129
     123
     136
     143
     121
     118
     121
     130
      97
     133
     134
     126
     135
     126
     132
     124
     115
     152
     141
     147
     130
     138
     122
     116
     148
     123
     137
     142
     138
     139
     153
     141
     150
     151
     167
     151
     127
     150
     123
     145
     114
     136
     131
     143
     117
     146
     144
     146
     118
     117
     142
     141
     125
     143
     142
     204
     309
     572
     916
    1182
    1227
    1003
     611
     327
     205
     119
     147
     148
     133
     120
     115
     134
     122
     127
     143
     143
     133
     134
     117
     136
     132
     123
     137
     113
     134
     141
     128
     137
     132
     131
     119
     123
     170
     139
     166
     152
     142
     169
     122
     131
     125
     133
     126
     163
     145
     126
     127
     135
     119
     145
     127
     123
     117
     141
     127
     127
     135
     154
     134
     128
     143
     151
     134
     141
     164
     143
     130
     147
     139
     149
     157
     134
     131
     129
     136
     133
     128
     139
     138
     124
     158
     134
     168
     137
     144
     150
     135
     162
     158
     209
     203
     254
     253
     216
     182
     172
     141
     146
     128
     145
     139
     151
     154
     129
     137
     143
     165
     139
     120
     130
     156
     149
     153
     114
     143
     152
     128
     139
     137
     126
     147
     127
     161
     150
     158
     149
     145
     138
     145
     153
     114
     141
     169
     135
     136
     155
     118
     193
     189
     189
     198
     147
     155
     149
     155
     167
     132
     151
     154
     163
     141
     147
     150
     143
     152
     138
     142
     175
     140
     125
     155
     150
     182
     153
     146
     154
     142
     141
     139
     144
     136
     147
     152
     167
     180
     147
     135
     144
     156
     138
     154
     168
     142
     160
     159
     133
     143
     156
     146
     150
     121
     151
     169
     171
     164
     138
     154
     171
     150
     141
     151
     150
     156
     157
     146
     141
     147
     159
     139
     150
     162
     134
     136
     178
     165
     148
     118
     166
     131
     166
     135
     162
     155
     157
     163
     178
     162
     178
     178
     198
     179
     188
     177
     181
     151
     162
     151
     154
     125
     144
     159
     136
     167
     168
     161
     170
     152
     186
     147
     191
     175
     171
     148
     147
     165
     183
     194
     175
     156
     160
     154
     169
     176
     177
     171
     169
     145
     159
     144
     162
     150
     170
     165
     168
     152
     170
     152
     166
     154
     173
     175
     175
     170
     180
     175
     169
     166
     201
     148
     168
     163
     185
     166
     160
     176
     170
     165
     166
     172
     168
     122
     164
     179
     163
     157
     210
     248
     318
     418
     535
     560
     494
     338
     259
     187
     165
     147
     149
     158
     165
     151
     149
     117
     140
     141
     133
     134
     153
     146
     146
     157
     147
     156
     173
     131
     156
     129
     134
     119
     133
     122
     126
     128
     110
     144
     139
     131
     136
     125
     140
     145
     124
     121
     145
     117
     117
     113
     119
     137
     104
     120
     102
     105
     126
     118
     130
     112
      96
      99
     125
     106
     120
     107
     106
     108
     108
     100
     115
     119
     117
     115
     115
     117
     100
     125
     122
     112
     101
     129
     115
     113
      95
     111
     107
     130
     112
     106
     119
     120
     105
      92
     102
     135
     104
     107
     105
     131
     118
     104
     113
     122
      97
     122
     105
     104
     105
      81
     120
      91
     125
     159
     184
     188
     188
     166
     124
     124
     111
     110
      84
      86
      95
      93
      98
     110
     118
     106
     107
     107
     109
      93
      95
      86
      99
      92
     106
      95
      97
      98
     114
      89
      98
     115
      98
     104
      98
      93
      97
      89
      79
      95
      94
      92
      80
      83
     101
      99
      76
     103
      93
      84
     103
     103
      95
      88
      90
      87
      89
      97
      93
      94
      88
      99
      94
      96
      80
      83
      81
     103
      84
      91
      89
      94
      87
     101
      95
      97
      77
      88
      96
      78
      75
     107
      94
      82
      76
      86
     101
      82
      92
      83
      95
      85
      76
      78
      94
      75
     104
      76
      97
      86
      90
      72
      73
      70
      81
      83
      77
      73
      90
      82
      83
      73
      81
      72
      70
      73
      87
      91
      79
      79
      71
      77
      85
      53
      67
      72
      69
      67
      83
      81
      63
      88
      64
      91
      85
     105
     123
     111
     114
      86
      81
      87
      75
      57
      61
      73
      72
      89
      59
      74
      68
      71
      78
      76
      89
      60
      63
      61
      73
      78
      69
      66
      65
      57
      56
      65
      64
      63
      73
      80
      72
      68
      60
      55
      58
      75
      74
      53
      73
      64
      62
      66
      67
      60
      60
      69
      53
      46
      60
      59
      63
      46
      63
      71
      54
      54
      61
      60
      54
      56
      46
      54
      57
      57
      55
      57
      56
      62
      55
      64
      58
      47
      50
      60
      55
      65
      60
      57
      48
      53
      60
      55
      57
      46
      59
      50
      66
      61
      44
      41
      50
      44
      61
      52
      43
      59
      48
      53
      38
      61
      51
      40
      60
      58
      48
      59
      58
      50
      48
      52
      45
      69
     106
     147
     234
     302
     352
     327
     198
     137
      79
      66
      42
      56
      44
      46
      54
      49
      52
      48
      46
      51
      49
      86
      64
     112
     100
      83
      93
      77
      59
      43
      56
      53
      44
      44
      47
      55
      55
      47
      48
      60
      41
      43
      60
      61
      49
      46
      42
      53
      52
      39
      52
      52
      50
      55
      47
      46
      36
      63
      48
      67
      52
      43
      55
      57
      75
     105
     137
     127
      89
      94
      61
      49
      48
      47
      48
      47
      50
      49
      56
      58
      88
     115
     142
     173
     178
     175
     120
      88
      66
      61
      46
      56
      61
      51
      47
      41
      50
      55
      47
      34
      47
      44
      52
      54
      47
      50
      40
      47
      48
      46
      42
      43
      39
      61
      51
      43
      46
      49
      32
      38
      32
      53
      46
      28
      32
      45
      36
      54
      35
      45
      54
      47
      44
      28
      37
      57
      53
      36
      52
      38
      60
      50
      53
      49
      50
      50
      43
      40
      40
      39
      60
      54
      54
      41
      45
      58
      45
      50
      43
      46
      42
      36
      42
      43
      38
      41
      37
      52
      36
      37
      44
      39
      51
      56
      41
      64
      45
      57
      51
      60
      56
      53
      46
      64
      55
      42
      50
      39
      48
      38
      50
      43
      44
      51
      50
      54
      63
      66
      56
      58
      59
      55
      52
      73
      51
      42
      47
      64
      74
      86
      60
      59
      80
      69
      91
     144
     226
     469
    1069
    2326
    4480
    7318
    9740
   10376
    8898
    5993
    3212
    1416
     517
     154
      68
      38
      23
      24
      34
      23
      29
      28
      34
      31
      26
      28
      26
      39
      19
      31
      30
      22
      38
      27
      19
      28
      28
      41
      37
      26
      28
      28
      31
      22
      21
      20
      21
      31
      35
      20
      26
      31
      32
      34
      35
      32
      26
      42
      28
      22
      34
      26
      26
      25
      31
      28
      40
      29
      23
      27
      32
      25
      27
      24
      23
      20
      35
      28
      38
      28
      32
      30
      27
      24
      33
      33
      29
      29
      23
      38
      24
      26
      21
      31
      38
      32
      52
      44
      34
      69
      78
      49
      35
      39
      25
      22
      21
      28
      31
      31
      26
      39
      44
      39
      36
      54
      45
      51
      32
      27
      41
      32
      27
      40
      29
      27
      32
      34
      42
      50
      54
      71
     112
     114
     153
     143
     113
      75
      46
      39
      29
      39
      41
      53
      42
      44
      31
      34
      30
      22
      25
      31
      23
      32
      24
      26
      28
      34
      27
      29
      27
      27
      25
      23
      22
      30
      25
      29
      24
      22
      34
      28
      24
      25
      21
      28
      29
      26
      24
      28
      29
      24
      22
      26
      36
      29
      24
      30
      27
      23
      42
      22
      29
      27
      35
      31
      37
      36
      24
      28
      29
      19
      31
      34
      23
      27
      26
      27
      26
      34
      52
      43
      46
      47
      31
      34
      28
      30
      32
      29
      25
      42
      30
      48
      54
      51
      43
      36
      25
      31
      20
      23
      24
      28
      22
      25
      28
      25
      23
      36
      32
      24
      19
      27
      23
      24
      21
      24
      16
      23
      33
      25
      20
      25
      22
      30
      27
      22
      27
      32
      28
      39
      27
      16
      21
      26
      19
      19
      21
      21
      24
      24
      25
      23
      24
      17
      21
      18
      26
      22
      22
      13
      26
      22
      23
      27
      21
      20
      13
      21
      20
      21
      18
      21
      24
      13
      19
      15
      25
      22
      20
      12
      28
      16
      22
      19
      22
      18
      14
      20
      30
      33
      27
      17
      26
      20
      23
      17
      36
      30
      24
      41
      39
      46
      39
      40
      42
      59
      71
      71
      56
      38
      37
      29
      18
      27
      31
      31
      29
      71
     103
     135
     152
     133
     105
      64
      52
      18
      25
      22
      40
      43
      53
      69
      71
      68
      48
      37
      37
      40
      37
      36
      19
      21
      17
      23
      29
      23
      25
      29
      25
      39
      40
      34
      33
      27
      23
      22
      12
      23
      20
      26
      26
      31
      24
      17
      22
      22
      23
      25
      23
      22
      18
      30
      25
      20
      21
      26
      12
      20
      23
      23
      26
      12
      21
      13
      15
      17
      20
      30
      26
      20
      22
      18
      21
      20
      20
      17
      24
      22
      14
      26
      26
      22
      35
      53
      77
      90
      84
      76
      54
      35
      23
      24
      30
      28
      25
      31
      34
      22
      32
      25
      25
      25
      18
      11
      24
      16
      22
      17
      40
      45
      85
      82
      80
      74
      49
      36
      28
      26
      17
      17
      22
      28
      16
      28
      17
      17
      22
      22
      18
      35
      26
      33
      38
      41
      24
      20
      17
      20
      21
      14
      21
      15
      19
      21
      16
      21
      19
      11
      13
      10
      23
      22
      11
      18
      19
      11
      12
      22
      19
      13
      17
      21
      21
      21
      13
      11
      17
      14
      12
      17
      16
      21
      16
      17
      10
      22
      18
      15
      17
      11
      14
      15
      18
      22
      10
      16
      16
       9
      29
      29
      58
      60
      88
      68
      69
      45
      33
      29
      13
      12
      15
      19
      17
      21
      20
      22
      28
      24
      29
      17
      26
      19
      14
      15
      17
      14
      11
      13
      22
      12
      18
      19
      10
      17
      11
      14
      19
      20
      20
      23
      15
      23
      13
      17
      20
      22
      20
      13
      18
      26
      11
      19
      10
      17
      13
      16
      12
      21
      17
      20
      23
      44
      30
      29
      33
      30
      21
      28
      19
      21
      16
      17
      20
      16
      11
      12
      17
      15
      16
      15
      12
      12
      23
      23
      27
      23
      24
      19
      26
      20
      24
      19
      22
      20
      10
      17
      21
      16
      16
      18
      19
      14
      14
      12
      21
      20
      14
      14
      21
      15
      16
       8
      16
      19
      13
      11
      12
      11
      16
      15
      20
      16
      16
      13
      12
      11
      14
      11
      21
      16
      14
      14
      15
      13
      10
      19
      11
      16
      18
      17
      19
      14
      13
      18
      13
      20
      12
      13
       9
      18
      14
      10
       8
      16
      14
      15
      14
      22
      12
       9
      13
      26
      15
      13
       6
      19
      12
      14
      24
      16
      15
      18
      15
      12
      15
      20
      18
      25
      48
      69
     136
     159
     197
     174
     120
      91
      60
      44
      26
      11
      17
      14
      13
      14
      17
      12
      13
      15
      15
      18
      13
      16
      18
      16
      17
      15
      12
      13
      14
      14
      18
      22
      10
      13
       9
      11
      10
      16
      16
      11
      14
      15
      18
      16
      17
      17
      12
      24
      20
      15
      11
       7
      14
      16
      13
      19
      18
       7
      14
      14
      14
      20
      10
      12
      11
      12
      17
      19
      14
      11
      18
      13
      15
      11
      24
      16
      24
      15
      14
       5
      18
      11
      20
      19
      19
      14
      23
      35
      50
      90
     227
     367
     572
     711
     821
     751
     580
     381
     198
      93
      37
      19
      16
      14
      14
      10
      15
      13
      11
      18
      13
      18
      15
      12
      13
       8
      12
      21
      14
      19
      12
      11
       9
      16
      15
      12
       5
      13
      20
      13
       7
      17
      13
      12
      10
      12
      13
      10
      10
      16
      10
      17
      10
      12
       8
      12
      13
      11
      17
      12
      11
      17
      16
      12
      13
      16
      17
      12
      13
      11
       8
      12
      12
      16
      18
      16
      13
       9
      15
      22
       8
      12
      12
      11
       7
       9
      12
      11
      13
      26
      19
       9
      12
      12
      17
      12
      10
      15
      11
      15
      10
       8
      14
      18
       6
      12
      21
      13
      16
      16
      11
      14
      21
      13
      21
      15
      17
      15
      14
      15
      14
      17
      14
      16
      17
      13
      11
      16
       8
      13
      13
      15
      13
      14
      12
       9
      16
      13
      14
       6
      14
      13
      14
      10
      11
       8
      14
      15
      14
      13
      12
      14
      14
      15
      15
       9
      10
      17
      16
      10
      12
       9
      15
      12
       8
      14
      14
      13
      16
      14
       6
      13
      13
       7
       9
      14
       8
      14
      20
      22
      16
      16
      13
      17
      12
      12
      16
      13
      17
      13
      18
      10
      17
      25
      16
      14
      24
      27
      26
      37
      26
      16
      19
      18
      15
       4
      20
      12
      13
      15
      12
      17
       7
      14
      10
      21
      19
      23
      34
      62
      78
     110
     119
     113
      88
      56
      60
      30
      21
      16
      14
      15
      15
       7
      12
      18
      10
      20
       7
      14
      14
      10
       9
      16
      14
      14
      11
      13
       9
      16
      17
      22
      15
      16
      14
      14
      16
      14
      13
      11
      12
      13
      10
       9
      15
      11
      11
      13
      24
      14
       8
      16
      12
      11
      11
      17
      14
      13
       9
      10
      13
      17
      15
      18
      10
      17
      12
      21
      27
      17
      25
      21
      26
      19
      17
      11
      16
      18
      11
      13
      12
      13
      10
      10
       6
      13
      16
      17
       7
       7
      17
      16
      12
      10
      19
      10
      17
       9
      19
      17
      13
      17
      13
      14
      11
       9
      24
      12
      19
      15
      19
      14
      14
      25
      14
      17
      14
      16
       8
      11
      11
      10
      10
      15
      11
      14
      14
      16
      11
      17
      26
      18
      15
      16
      16
      13
       8
      15
      21
      16
      13
      14
      10
      15
      19
      11
      14
      20
      12
      15
      10
       9
      10
      11
      13
      10
      14
      16
      11
      13
      17
      13
      12
      12
      11
       8
      14
      16
      10
      13
      12
      12
      13
      16
      20
       9
      13
      19
      13
      12
      13
      10
      14
      11
      14
      10
      18
      18
       9
       7
      11
       7
      12
      15
       4
      16
       8
      14
      12
      18
      11
      11
      15
      12
      15
      11
      15
      15
      15
       6
      19
      18
      13
       5
      18
      13
      14
      14
      12
      11
      16
      19
      11
      14
      10
      12
      16
      18
      17
      10
       9
      10
      13
      21
      19
      16
      23
      14
      25
      14
      19
      22
      16
      11
      16
      15
      11
      10
      16
      15
      15
      10
      11
      10
       9
      12
      15
      15
      10
      10
      12
      12
      13
       9
      12
      15
       9
      13
      13
      13
      16
      15
      18
      15
      19
      13
      14
       9
      16
      14
      12
      17
      13
      13
      15
      15
      14
      11
      15
      13
      11
      17
      10
      12
      10
       6
      15
      20
      10
      10
       9
      11
      11
      22
       9
      10
      12
       9
      19
      11
      10
      13
      16
      15
      12
      12
      10
      12
      12
      12
      14
      12
      19
      18
      14
      14
       8
      11
      13
      21
       8
      19
       9
      16
       8
      16
      10
       8
       4
      16
      13
      17
      18
      12
      16
      17
      14
      18
      10
      14
      15
      11
       7
      10
      13
      15
      13
       7
      15
      16
      10
      13
      11
      13
      13
      13
       9
      10
       9
       6
      12
       9
      16
      10
       9
       6
      11
       7
      11
      16
       4
      18
       9
      11
       8
       8
      12
       9
      15
      12
      18
      15
      11
      12
      13
      11
      15
       8
      13
      14
      12
      17
      20
      11
      10
       9
      12
      10
       9
      12
       8
       9
      18
       7
      15
      13
      10
      18
      12
      12
      12
      11
      11
      10
      18
      10
      10
      15
      15
      17
      11
      17
      10
      15
      16
      14
      13
      11
      11
      12
      10
      14
      10
      13
       9
      12
      15
      19
      10
      13
      19
      17
      13
      11
      11
      13
      10
      16
      14
       9
      12
      15
      11
       9
       7
       7
      15
      18
      10
       7
      17
       7
       8
       8
      11
       7
      12
       7
      18
       7
      15
      11
      12
      17
      14
      10
       9
       9
       9
      16
      17
      17
       7
      12
      11
      13
      15
      11
      14
       6
      11
      17
      12
      19
       8
       6
      10
      10
       7
      14
      15
      11
      17
      16
      13
      12
      13
      12
      10
      14
       7
      12
      11
       9
      10
      14
      10
      12
       8
      13
      14
      14
       8
       9
      10
      13
      13
      12
       8
      13
      12
      12
      19
      15
      10
      10
      10
       8
       8
      16
      19
      11
       6
      12
       8
      14
      12
      14
      11
      13
      10
       9
       9
       8
      11
      10
      10
      15
      12
       5
      11
      11
      13
       9
       7
      12
       6
       8
      10
      13
      12
      12
      17
      13
       9
       9
       6
      12
       8
      12
       9
       9
      15
      10
      11
      11
      14
      11
      13
      15
       9
      15
      19
       8
       9
      15
      11
      11
      15
      14
      14
      13
       5
      11
      17
      14
      14
      10
       8
      15
      11
       8
       8
      11
       6
       9
      10
      11
       9
       7
      11
       3
       8
      11
      12
      18
      10
      15
      11
      15
      15
      17
      19
      10
       8
       9
      10
      13
       5
       8
      17
       7
      17
       7
      10
      14
      12
       5
       9
       4
      13
      20
       8
       9
      17
      12
       9
      20
      12
      19
      26
      42
      35
      72
      75
      55
      80
      79
      69
      79
      52
      37
      23
      20
      20
      16
      19
      10
      15
       9
      12
      17
      16
      16
      12
      15
      19
       9
      15
      13
       9
       7
      11
      13
      12
      14
       9
      12
      17
      15
      16
      30
      31
      44
      50
      65
      80
      55
      39
      34
      25
      16
      15
      18
      11
      12
      12
      14
      12
      12
      15
      12
      10
       7
       9
      11
      11
      16
      10
      11
       8
       7
      12
      12
      10
       9
      10
       8
      12
       3
      11
       9
      12
      12
       9
      14
       9
      12
      10
      14
      16
       7
      17
      11
      10
      12
       8
      13
       7
      11
      10
      11
       7
       5
      12
      14
      10
      10
      11
      10
      13
      13
       9
      17
      10
      14
       9
       5
       8
       8
      11
       9
      18
      17
      16
      15
      13
       6
      10
      11
      11
      11
       9
      14
      13
      11
      11
      11
       8
       7
       5
      10
      12
      13
      12
      15
      13
      15
      11
      13
      10
      11
       8
      10
      14
      12
       6
      11
      10
      14
       8
       7
      13
      13
      17
      10
      10
      14
      18
      13
      12
       9
      12
      11
      14
       9
      10
      15
      11
       9
      11
      13
      12
      10
      15
      18
      12
       7
      12
       9
      13
      10
      11
      17
      14
       6
       5
      10
      12
       8
      12
      10
      13
      12
      12
      15
      16
      12
      11
       8
      14
      17
       6
       7
       8
       8
      16
       9
      10
       7
      10
      11
       8
       5
      11
      12
      11
      10
       9
      13
       4
       8
      12
       9
      10
       8
      16
      10
      10
      15
      21
      13
      14
      12
       4
      12
      19
      14
      12
      16
      10
       7
      11
      14
       9
      12
       9
      14
       8
      18
      10
      11
      16
      17
      24
      37
      63
      65
     103
     163
     179
     216
     226
     168
     110
      70
      43
      29
      15
      12
      20
       9
      23
       9
       7
       7
      21
      11
       3
      11
      14
      13
      16
       9
      13
      13
      11
      13
      14
       9
       9
      12
      11
      15
      10
      10
       9
      15
      12
      10
      10
       8
       8
      10
      13
      12
      12
       7
       9
       8
       8
      17
       7
      12
      10
       5
      15
      15
       8
       8
       9
      10
      10
      10
       8
      13
       3
      12
      10
       8
       8
      12
       8
      20
      10
      16
      11
      10
      12
      14
      12
       9
      15
       9
      14
       9
       7
       6
      11
      13
      10
      15
       9
      16
      11
      13
       9
      15
      14
      13
      10
       7
      11
      15
      15
      10
       7
       9
      10
      14
      13
      14
      17
      15
       7
      13
      13
      12
      10
      10
      17
      11
      12
       7
      17
      14
      10
       9
      19
       9
      15
      19
      11
      13
      17
       9
      10
      11
      16
       8
      11
       9
       9
      10
      12
       8
      10
      12
       7
      16
      16
      17
      16
      17
      11
      12
      11
       8
      12
      13
      14
       5
      14
      17
       7
      15
      17
      14
      11
      17
      11
      12
      10
      12
      10
       7
      15
      14
      13
       9
      11
      13
       8
      18
      12
       5
      14
      10
      18
      18
      11
       9
      10
      13
      14
      16
      13
      16
      10
      11
      14
       9
      15
      14
      14
      13
       9
      13
      14
      11
      10
      11
      15
       9
      15
       7
      14
      13
      10
       6
      13
      12
      11
      10
      12
      10
       9
      19
      14
       9
      14
      17
      15
      16
      22
      31
      30
      23
      16
      25
      14
      10
      12
      24
      11
       3
      11
      12
      11
      18
      12
       9
      10
      15
      13
      10
       8
      13
       9
      13
      11
      10
      19
      10
      20
      12
      16
      19
       7
      10
      11
      11
      15
      19
      11
      10
      17
      12
      20
      17
      18
      11
      11
      10
      18
      13
      10
      17
      14
      10
      15
      11
      22
      12
      13
       9
       8
      22
      12
      10
      18
      11
      16
      11
      11
      14
      14
      18
      14
      15
      17
      11
       9
       7
       8
      13
      15
      13
      18
      20
      12
      11
      17
      15
       9
      15
       8
      12
      11
      14
      13
       7
      18
      12
      16
      11
      16
      14
      10
      15
      14
      15
      13
      17
      13
      14
       9
       7
      18
       8
       9
       7
      15
      13
      18
      17
      12
      11
      14
      15
      14
      17
      15
      15
      12
      13
      15
      20
       9
      16
      14
      14
      25
      14
      15
      13
       9
      12
      20
      18
      17
      13
       9
      21
      18
       8
      13
      20
      18
      15
      13
      11
      14
      13
      17
      15
      13
      10
      11
      14
      16
      14
      16
      14
      19
       9
      13
       9
      15
      12
      16
      14
      11
      18
      19
      17
      15
      14
      14
      14
      11
      12
      11
      22
      13
      20
      12
      19
       7
      12
      12
      10
      16
       9
       9
      14
      13
      20
      18
      10
      22
      10
      10
      15
      15
      13
      12
      15
       7
      19
      11
      13
      12
      20
      18
      14
      17
      12
       9
      16
       8
      17
      11
      11
      13
      14
      11
      14
      12
       8
       9
      11
      13
      14
       9
      14
      15
      11
      10
      11
       8
       8
      11
      14
      11
       7
      13
      10
      16
      10
      16
      11
      11
       8
       9
       6
       5
       8
      19
      12
       9
      14
      17
       5
      14
       7
       7
       6
       8
      11
      17
      14
      15
      10
       4
      10
      14
      11
       4
      12
       7
       4
       8
      10
      13
       5
       7
      12
      12
      10
      11
      11
       9
       8
      12
       9
      14
      14
      11
      11
      13
      11
      10
      14
       9
       7
      14
      12
       8
       9
      10
      12
       8
       7
      11
      16
      11
      10
       8
       9
      11
       7
       4
       3
      12
      12
      11
      10
      18
      11
      12
      11
       4
       9
       5
       8
       8
      10
      11
      13
       8
       4
      10
       9
      11
       8
       6
      12
      12
       9
       9
      11
      10
      10
       9
       8
      10
      11
      12
      20
       5
      12
      13
      14
       7
       7
      13
       9
       7
       9
       6
      15
       8
       8
      17
      10
      12
       7
       7
       8
      12
       5
       7
       8
       5
      13
      10
      10
      13
       6
       9
       4
       9
       9
      11
      10
      17
      24
      26
      35
      38
      63
      62
      63
      46
      32
      26
      16
      12
       7
      14
       9
       8
      11
       8
       8
       6
       7
       9
       6
      11
       5
       5
      10
       4
       5
       9
       7
       5
       8
       9
       8
       7
       9
       7
       9
       5
       8
      10
      10
       6
       7
      13
       6
       5
      11
       2
       3
      13
       6
       4
       5
       9
       6
       2
       9
       7
      10
       7
      11
       4
       5
      10
       5
       5
       4
       9
       5
       8
       9
       2
       7
       3
       6
      14
       4
       8
       8
       7
       7
      12
      10
       5
       9
       8
       7
       5
       3
       4
       7
       9
       8
       7
      11
       8
       7
       3
       5
       7
       5
       9
       5
       8
       2
       6
       3
       4
       4
       7
       7
       6
      11
      11
       8
       6
       9
      11
       7
       5
       3
       3
       8
       6
       2
       6
       2
       4
       5
       5
       5
       6
       1
       8
      10
       6
       5
       0
       6
       6
       6
       6
       5
       5
       7
      11
       4
       7
       6
       2
       3
       5
       6
       4
       4
       2
       6
       5
       7
       6
       8
      13
       6
       4
       6
       5
       5
       4
       2
       4
       3
       9
       3
       4
       5
       3
       5
       2
       5
       6
       1
       4
       4
       6
       5
       4
       6
       3
       6
       7
       4
       7
       4
       4
       3
       5
       5
       7
       9
       7
       6
       6
       4
       7
       4
       4
       3
       3
       6
       7
       3
       0
       2
       2
       7
       1
       5
       1
       9
       4
       3
       4
       2
       8
       3
       4
       1
       4
       6
       5
       3
       1
       4
       5
       1
       6
       4
       3
       3
       8
       7
       3
       2
       3
       2
       4
       3
       3
       1
       3
       3
       3
       3
       5
       5
      11
       3
       3
       3
       7
       3
       3
       6
       3
       5
       1
       5
       3
       4
       4
       3
       4
       0
       5
       2
       2
       7
       0
       4
       3
       3
       2
       5
       3
       3
       2
       1
       7
       3
       5
       1
       7
       3
       4
       6
       1
       3
       6
       4
       2
       7
       1
       4
       1
       4
       6
       4
       5
       5
       3
       6
       4
       3
       6
       3
       3
       3
       4
       3
       3
       5
       4
       4
       5
       2
       3
       2
       2
       2
       6
       7
       5
       3
       7
       5
       3
       4
       4
       4
       1
       7
       4
       6
       4
       5
       3
       2
       1
       3
       5
       5
       2
       2
       3
       5
       6
       5
       3
       3
       2
       4
       5
       4
       2
       2
       5
       5
       3
       5
       6
       4
       5
       3
       3
       6
       4
       3
       2
       5
       5
      11
       3
       2
       2
       3
       4
       4
       6
       5
       6
       7
       2
       5
       2
       2
       5
       4
       5
       2
       3
       3
       2
       5
       4
       3
       8
       2
       6
       6
       4
       2
       3
       4
       5
       8
       4
       4
       2
       7
       2
       8
       5
       2
       5
       7
       5
       4
       9
       3
       7
       5
       5
      15
      15
      34
      62
      89
     167
     240
     369
     510
     658
     657
     679
     602
     415
     276
     166
      78
      39
      14
      12
       4
       2
       5
       5
       2
       1
       5
       7
       3
       2
       0
       2
       6
       4
       1
       4
       4
       3
       6
       7
       3
       3
       4
       3
       1
       8
       3
       0
       3
       6
       3
       7
       1
       3
       3
       1
       5
       4
       3
       4
       3
       2
       4
       1
       6
       4
       4
       3
       2
       3
       2
       1
       3
       4
       4
       2
       1
       5
       2
       6
       2
       4
       4
       4
       0
       7
       4
       3
       2
       4
       2
       5
       1
       5
       4
       4
       4
       5
       3
       4
       1
       3
       4
       1
       3
       1
       0
       2
       7
       2
       1
       4
       2
       3
       1
       4
       3
       6
       7
       3
       1
       3
       6
       2
       3
       3
       1
       4
       1
       2
       1
       3
       0
       3
       5
       3
       3
       2
       6
       2
       1
       1
       5
       3
       2
       2
       1
       4
       1
       1
       0
       1
       1
       2
       1
       2
       7
       0
       5
       3
       1
       1
       2
       4
       0
       3
       5
       1
       6
       2
       2
       0
       2
       1
       5
       1
       4
       3
       3
       3
       4
       3
       0
       3
       4
       1
       1
       0
       1
       0
       3
       1
       2
       1
       2
       2
       7
       2
       4
       2
       6
       0
       8
       3
       6
       4
       3
       3
       5
       1
       1
       3
       1
       3
       2
       3
       2
       3
       2
       3
       5
       2
       2
       2
       1
       1
       3
       0
       2
       2
       1
       2
       0
       2
       4
       3
       6
       1
       3
       5
       3
       2
       1
       5
       3
       3
       5
       4
       3
       5
       4
       3
       3
       3
       2
       2
       1
       2
       1
       2
       1
       5
       0
       2
       0
       4
       2
       1
       3
       0
       2
       2
       5
       4
       3
       3
       0
       2
       3
       1
       4
       2
       2
       4
       7
       4
       1
       4
       2
       6
       2
       1
       3
       3
       2
       0
       3
       2
       1
       5
       1
       1
       4
       1
       3
       2
       3
       5
       2
       4
       2
       2
       3
       2
       2
       2
       1
       5
       2
       0
       4
       4
       0
       1
       1
       3
       1
       0
       1
       2
       1
       1
       4
       8
       7
       3
       1
       2
       2
       1
       3
       2
       3
       4
       3
       4
       4
       1
       2
       3
       1
       3
       3
       3
       3
       1
       2
       2
       1
       3
       3
       1
       0
       1
       2
       1
       0
       1
       4
       1
       0
       0
       3
       2
       3
       2
       3
       2
       1
       3
       3
       1
       5
       3
       2
       4
       3
       3
       2
       2
       3
       2
       2
       1
       1
       3
       0
       0
       2
       0
       4
       0
       3
       4
       1
       2
       5
       2
       4
       3
       4
       3
       3
       3
       0
       3
       3
       0
       5
       2
       5
       2
       2
       2
       3
       3
       1
       2
       3
       1
       4
       1
       3
       5
       3
       0
       2
       2
       2
       4
       2
       1
       5
       2
       2
       2
       3
       3
       3
       0
       3
       2
       2
       4
       2
       1
       3
       2
       2
       1
       1
       3
       1
       2
       0
       2
       5
       5
       3
       2
       5
       3
       1
       1
       4
       1
       2
       3
       1
       3
       2
       0
       2
       6
       1
       2
       2
       3
       2
       7
       1
       1
       1
       3
       4
       1
      10
       1
       2
       1
       3
       3
       6
       5
       0
       2
       1
       3
       1
       2
       4
       1
       1
       0
       2
       1
       3
       1
       2
       4
       1
       5
       1
       2
       6
       1
       2
       2
       2
       2
       4
       5
       5
       0
       6
       2
       1
       2
       2
       2
       1
       1
       2
       3
       3
       2
       2
       2
       4
       0
       2
       4
       3
       0
       3
       2
       2
       3
       4
       2
       2
       0
       3
       3
       2
       2
       1
       1
       6
       1
       3
       1
       3
       1
       3
       3
       1
       5
       3
       3
       4
       2
       3
       1
       4
       2
       5
       4
       4
       3
       0
       1
       2
       3
       1
       1
       1
       1
       2
       5
       6
       1
       3
       1
       3
       3
       3
       1
       2
       0
       3
       1
       3
       3
       3
       1
       1
       4
       1
       4
       1
       1
       2
       4
       2
       1
       0
       1
       1
       1
       1
       3
       2
       4
       0
       0
       1
       3
       3
       1
       3
       2
       2
       0
       4
       2
       1
       3
       1
       1
       1
       1
       4
       0
       0
       2
       6
       5
       3
       1
       1
       0
       4
       2
       0
       2
       3
       1
       2
       2
       2
       3
       3
       3
       3
       0
       2
       1
       2
       2
       2
       1
       3
       1
       4
       4
       0
       4
       3
       2
       1
       2
       2
       2
       2
       0
       1
       3
       2
       1
       0
       0
       1
       0
       4
       4
       0
       4
       2
       3
       0
       1
       1
       0
       2
       2
       1
       2
       1
       2
       2
       4
       1
       2
       1
       3
       3
       3
       2
       1
       2
       2
       2
       0
       0
       3
       4
       1
       3
       3
       0
       3
       2
       3
       3
       1
       4
       1
       4
       4
       3
       2
       1
       3
       2
       2
       0
       3
       3
       1
       1
       1
       1
       3
       1
       1
       0
       2
       3
       2
       0
       1
       0
       2
       0
       3
       3
       1
       0
       4
       1
       2
       4
       4
       0
       2
       1
       3
       3
       2
       0
       3
       2
       2
       1
       2
       2
       1
       1
       1
       2
       1
       3
       2
       0
       2
       4
       4
       0
       0
       3
       2
       1
       5
       2
       0
       3
       1
       3
       2
       3
       3
       2
       1
       2
       6
       1
       3
       4
       0
       0
       1
       4
       1
       1
       1
       2
       1
       4
       4
       1
       0
       1
       4
       1
       3
       4
       2
       3
       0
       0
       2
       1
       2
       1
       1
       2
       2
       0
       4
       3
       0
       1
       3
       4
       0
       2
       0
       1
       3
       2
       3
       3
       4
       4
       1
       0
       0
       1
       1
       5
       1
       3
       1
       2
       1
       5
       3
       3
       5
       1
       1
       0
       1
       1
       2
       1
       1
       2
       2
       3
       1
       4
       2
       2
       2
       0
       0
       5
       2
       2
       4
       2
       3
       1
       2
       4
       3
       2
       0
       0
       2
       2
       3
       2
       2
       1
       3
       2
       2
       2
       1
       4
       5
       2
       2
       0
       2
       3
       2
       3
       1
       1
       3
       1
       1
       4
       1
       2
       2
       3
       2
       1
       5
       0
       1
       1
       2
       0
       0
       2
       1
       3
       2
       2
       2
       1
       2
       2
       1
       1
       2
       2
       2
       2
       2
       3
       1
       2
       5
       1
       0
       0
       3
       2
       4
       1
       2
       3
       2
       2
       3
       2
       2
       2
       3
       2
       1
       3
       1
       2
       0
       1
       2
       3
       2
       3
       3
       1
       3
       0
       1
       3
       0
       3
       1
       1
       2
       3
       1
       2
       3
       3
       0
       1
       2
       3
       3
       1
       2
       3
       4
       1
       0
       3
       3
       0
       5
       3
       3
       0
       4
       3
       3
       1
       2
       0
       1
       1
       3
       2
       1
       3
       1
       4
       1
       2
       1
       1
       1
       0
       0
       1
       1
       1
       0
       1
       3
       1
       7
       3
       2
       1
       2
       3
       1
       2
       1
       3
       1
       2
       2
       0
       4
       0
       4
       4
       1
       2
       2
       1
       3
       1
       4
       1
       2
       3
       3
       3
       1
       0
       1
       0
       2
       1
       0
       3
       1
       1
       3
       1
       1
       2
       4
       1
       2
       4
       2
       0
       4
       1
       2
       3
       1
       0
       2
       2
       1
       1
       0
       1
       1
       2
       1
       0
       1
       4
       1
       0
       1
       1
       1
       2
       4
       2
       2
       0
       0
       2
       1
       2
       2
       1
       3
       1
       2
       1
       1
       0
       0
       0
       3
       1
       1
       4
       3
       2
       1
       2
       0
       1
       0
       0
       1
       2
       2
       0
       2
       1
       3
       0
       1
       3
       2
       6
       2
       3
       0
       1
       4
       0
       2
       1
       0
       0
       0
       0
       0
       0
       0
       0
       0
       0
       0
       0
       0
       0
       0
       0
       0
       0
       0
       0
       0
       0
       0
       0
       0
       0
       0
       0
       0
       0
       0
       0
       0
       0
       0
       0
       0
       0
       0
       0
       0
       0
       0
       0
       0
       0
       0
       0
       0
       0
       0
       0
       0
       0
       0
       0
       0
       0
       0
       0
       0
       0
       0
       0
       0
       0
       0
       0
       0
       0
       0
       0
       0
       0
       0
       0
       0
       0
       0
       0
       0
       0
       0
       0
       0
       0
       0
       0
       0
       0
       0
       0
       0
       0
       0
       0
       0
       0
       0
       0
       0
       0
       0
       0
       0
       0
       0
       0
       0
       0
       0
       0
       0
       0
       0
       0
       0
       0
       0
       0
       0
       0
       0
       0
       0
       0
       0
       0
$ROI:
91
177 185
241 249
265 273
467 476
487 496
507 516
520 532
546 558
572 584
607 614
625 632
653 660
686 694
708 716
744 752
773 781
786 794
824 832
844 858
884 898
919 933
956 970
1179 1194
1211 1226
1238 1253
1309 1325
1336 1351
1377 1393
1505 1518
1527 1543
1568 1584
1596 1612
1639 1655
1711 1720
1737 1746
1780 1789
1858 1880
1904 1926
1951 1973
2365 2378
2392 2405
2417 2430
2432 2442
2454 2464
2477 2487
2520 2532
2545 2557
2587 2599
2889 2909
2939 2959
2992 3012
3203 3223
3249 3269
3299 3319
3578 3594
3618 3634
3659 3675
3698 3714
3733 3749
3793 3813
3835 3855
3904 3924
4133 4148
4172 4187
4227 4242
4259 4274
4284 4299
4332 4347
4364 4379
4396 4411
4503 4527
4541 4565
4585 4609
4633 4657
4707 4731
4816 4836
4853 4873
4922 4942
5484 5503
5528 5547
5567 5586
5607 5627
5743 5765
5789 5811
5843 5864
6388 6413
6431 6456
6518 6543
6817 6841
6872 6896
6954 6980
$PRESETS:
Live Time
80000
0
$ENER_FIT:
-0.628185 0.380052
$MCA_CAL:
3
-6.281850E-001 3.800522E-001 -1.024417E-008 keV
$SHAPE_CAL:
3
7.747044E+000 -1.422939E-003 1.836274E-007
