$SPEC_ID:
No sample description was entered.
$SPEC_REM:
DET# 1
DETDESC# BETA MCB 129 Input 1
AP# GammaVision Version 6.09
$DATE_MEA:
04/22/2014 13:39:26
$MEAS_TIM:
77809 77886
$DATA:
0 8191
       0
       0
       0
       0
       0
       0
       0
       0
       0
       0
       0
       0
       0
       0
       0
       0
       0
       0
       0
       0
       0
       0
       0
       0
       0
       0
       0
       0
       0
       0
       0
       0
       0
       0
       0
       0
       0
       0
       0
       0
       0
       0
      20
      19
      74
     413
     516
     631
     961
    1198
    1568
    1832
    1948
    1746
    1629
    1459
    1376
    1456
    1478
    1408
    1457
    1453
    1445
    1518
    1429
    1357
    1409
    1292
    1293
    1358
    1203
    1363
    1277
    1269
    1254
    1234
    1240
    1302
    1246
    1194
    1251
    1254
    1207
    1278
    1167
    1255
    1323
    1270
    1191
    1183
    1210
    1212
    1253
    1210
    1128
    1131
    1108
    1176
    1140
    1157
    1155
    1187
    1149
    1189
    1172
    1110
    1072
    1155
    1104
    1087
    1143
    1150
    1086
    1131
    1111
    1131
    1188
    1200
    1188
    1139
    1181
    1172
    1212
    1198
    1099
    1122
    1043
    1058
    1097
    1111
    1132
    1085
    1075
    1138
    1091
    1077
    1135
    1207
    1126
    1218
    1160
    1180
    1174
    1139
    1143
    1195
    1189
    1267
    1159
    1184
    1314
    1265
    1246
    1279
    1291
    1266
    1291
    1363
    1285
    1377
    1317
    1381
    1384
    1347
    1429
    1624
    1793
    1673
    1437
    1334
    1480
    1486
    1410
    1488
    1470
    1499
    1514
    1570
    1572
    1549
    1570
    1564
    1524
    1590
    1562
    1584
    1647
    1611
    1613
    1672
    1838
    1943
    1882
    1862
    1963
    2709
    4117
    3778
    2426
    1819
    2104
    3282
    5482
    5126
    2750
    1702
    1464
    1534
    1571
    1629
    1543
    1536
    1588
    1657
    1615
    1530
    1447
    1526
    1504
    1671
    1985
    2093
    1962
    1756
    1615
    1558
    1652
    1926
    2815
    3153
    2722
    1919
    1565
    1654
    1682
    2125
    2646
    2359
    1728
    1532
    1527
    1674
    2260
    2821
    2988
    2789
    2109
    1706
    1517
    1504
    1517
    1374
    1379
    1481
    1408
    1445
    1436
    1486
    1469
    1529
    1516
    1644
    1717
    1501
    1492
    1439
    1427
    1430
    1474
    1444
    1430
    1452
    1427
    1438
    1481
    1553
    1692
    1696
    1666
    1467
    1447
    1488
    1420
    1475
    1515
    1503
    1561
    1519
    1414
    1435
    1393
    1442
    1459
    1509
    1448
    1484
    1489
    1559
    1426
    1431
    1457
    1548
    1602
    1638
    1474
    1427
    1392
    1489
    1465
    1429
    1383
    1477
    1382
    1466
    1392
    1445
    1474
    1441
    1390
    1457
    1402
    1533
    1459
    1452
    1473
    1423
    1562
    1511
    1496
    1510
    1484
    1437
    1438
    1497
    1479
    1552
    1536
    1629
    1754
    2175
    1965
    1660
    1475
    1495
    1489
    1505
    1530
    1456
    1489
    1501
    1474
    1460
    1376
    1553
    1500
    1447
    1532
    1478
    1482
    1506
    1479
    1402
    1432
    1493
    1499
    1470
    1428
    1439
    1467
    1442
    1466
    1494
    1413
    1368
    1450
    1385
    1495
    1526
    1733
    1535
    1519
    1460
    1444
    1440
    1449
    1430
    1428
    1348
    1428
    1434
    1403
    1337
    1379
    1370
    1346
    1434
    1414
    1427
    1343
    1381
    1358
    1397
    1386
    1441
    1589
    1724
    1552
    1517
    1340
    1366
    1386
    1335
    1342
    1289
    1362
    1339
    1343
    1335
    1355
    1292
    1278
    1329
    1248
    1305
    1347
    1312
    1274
    1319
    1317
    1354
    1310
    1235
    1257
    1233
    1190
    1293
    1280
    1308
    1273
    1247
    1231
    1225
    1196
    1250
    1220
    1215
    1251
    1248
    1213
    1225
    1179
    1196
    1196
    1156
    1133
    1229
    1251
    1227
    1203
    1113
    1211
    1173
    1176
    1239
    1252
    1221
    1235
    1186
    1207
    1190
    1222
    1197
    1203
    1151
    1160
    1204
    1143
    1168
    1246
    1128
    1193
    1166
    1127
    1171
    1195
    1202
    1307
    1719
    2570
    3082
    2677
    1776
    1180
    1146
    1138
    1168
    1138
    1144
    1088
    1152
    1113
    1096
    1085
    1136
    1070
    1120
    1092
    1140
    1134
    1036
    1095
    1105
    1087
    1118
    1135
    1056
    1130
    1113
    1133
    1118
    1088
    1049
    1070
    1130
    1101
    1115
    1077
    1062
    1035
    1090
    1056
    1117
    1111
    1079
    1065
    1059
    1028
     964
    1073
    1101
    1143
    1112
    1037
     988
     966
    1018
    1028
    1039
    1219
    1624
    2083
    2019
    1339
    1028
    1040
    1039
    1002
     991
     926
     994
     954
     983
     963
    1020
     990
    1018
     960
     979
     998
    1012
     930
    1001
     973
    1067
     938
     965
     960
    1003
     998
     951
     937
     990
     936
     976
     947
     955
     978
     967
    1018
     992
     944
    1009
     999
     981
     902
     921
     982
     951
     937
     974
     993
     913
     991
     914
     902
    1017
     890
     936
     925
     945
     945
     867
     985
     968
    1016
     928
     922
     949
     957
     973
    1027
    1055
    1031
    1007
    1142
    2114
    5904
   11903
   12947
    6863
    2203
    1047
    1164
    1722
    2099
    2250
    2634
    2504
    1439
     873
     797
     791
     780
     823
     800
     769
     794
     721
     765
     730
     680
     720
     747
     764
     716
     696
     764
     743
     751
     745
     679
     719
     764
     746
     754
     753
     761
     730
     674
     692
     700
     672
     722
     742
     825
     785
     719
     700
     663
     724
     741
     809
     730
     649
     696
     609
     691
     645
     647
     676
     621
     688
     656
     684
     646
     634
     628
     652
     680
     670
     655
     654
     609
     650
     640
     647
     654
     696
     834
    1029
    1369
    1486
    1181
     879
     755
     680
     609
     604
     589
     612
     663
     688
     667
     684
     683
     608
     616
     684
     818
    1015
    1062
     899
     703
     646
     629
     597
     621
     605
     601
     580
     609
     660
     599
     592
     592
     569
     556
     570
     610
     595
     556
     585
     646
     576
     584
     556
     591
     643
     672
     610
     574
     557
     583
     611
     572
     556
     516
     597
     599
     526
     551
     562
     592
     636
    1091
    2486
    4160
    4271
    2380
    1009
     560
     603
     507
     528
     493
     525
     561
     644
     942
    1275
    1183
     872
     577
     539
     546
     562
     520
     498
     542
     491
     475
     530
     477
     514
     509
     519
     518
     495
     509
     506
     485
     499
     483
     472
     471
     486
     474
     529
     476
     480
     472
     480
     445
     443
     492
     515
     520
     491
     487
     506
     467
     489
     480
     459
     455
     479
     447
     433
     505
     473
     469
     440
     427
     437
     470
     516
     524
     536
     440
     493
     482
     516
     473
     495
     494
     486
     449
     460
     494
     512
     539
     723
     993
    1078
     837
     603
     502
     514
     500
     464
     476
     419
     436
     503
     537
     528
     473
     458
     465
     461
     476
     464
     469
     422
     459
     464
     527
     663
    1220
    2311
    2922
    2131
    1007
     552
     454
     446
     487
     491
     486
     486
     432
     444
     422
     389
     439
     430
     435
     442
     416
     417
     420
     397
     424
     432
     427
     390
     428
     416
     437
     453
     451
     478
     707
    1352
    3341
    6223
    6982
    4577
    1663
     587
     422
     372
     394
     395
     389
     352
     385
     320
     379
     341
     390
     371
     361
     373
     387
     383
     358
     371
     344
     378
     328
     387
     338
     387
     350
     367
     373
     346
     363
     329
     363
     377
     346
     302
     378
     445
     368
     369
     328
     361
     372
     368
     350
     341
     366
     386
     365
     328
     358
     365
     351
     372
     391
     363
     363
     347
     373
     374
     348
     346
     379
     366
     379
     381
     360
     370
     345
     342
     333
     358
     314
     358
     337
     372
     379
     383
     333
     341
     384
     354
     364
     340
     332
     355
     363
     361
     406
     372
     386
     366
     327
     350
     419
     374
     386
     357
     343
     322
     333
     350
     343
     319
     331
     325
     315
     318
     373
     337
     392
     314
     352
     353
     360
     380
     338
     350
     342
     356
     329
     383
     359
     391
     364
     329
     337
     332
     387
     410
     369
     362
     334
     319
     363
     351
     354
     349
     347
     353
     348
     338
     369
     319
     317
     335
     327
     420
     586
     679
     595
     446
     345
     333
     322
     319
     287
     319
     315
     317
     330
     330
     334
     301
     325
     330
     337
     321
     335
     308
     319
     290
     321
     301
     340
     300
     328
     315
     328
     318
     344
     274
     311
     321
     324
     334
     320
     335
     314
     303
     312
     328
     303
     299
     313
     339
     322
     321
     303
     274
     317
     299
     278
     306
     289
     279
     273
     290
     307
     297
     280
     312
     290
     301
     276
     306
     304
     308
     299
     282
     303
     301
     252
     303
     279
     299
     338
     344
     328
     292
     323
     287
     300
     269
     286
     276
     269
     270
     302
     300
     287
     260
     304
     285
     290
     285
     256
     294
     253
     312
     275
     280
     290
     257
     292
     309
     272
     281
     266
     286
     301
     304
     310
     309
     334
     289
     275
     311
     309
     307
     274
     250
     309
     297
     272
     270
     245
     283
     281
     291
     255
     262
     277
     259
     276
     268
     297
     361
     511
     759
     916
     781
     488
     318
     254
     264
     270
     265
     266
     247
     294
     274
     299
     272
     260
     257
     262
     270
     311
     241
     282
     249
     227
     221
     258
     251
     267
     251
     274
     240
     234
     265
     275
     265
     230
     249
     254
     258
     248
     271
     312
     286
     250
     256
     264
     287
     281
     318
     252
     243
     262
     227
     260
     253
     264
     259
     250
     254
     246
     241
     255
     250
     277
     273
     284
     280
     260
     233
     260
     244
     259
     233
     273
     238
     262
     233
     263
     214
     255
     241
     217
     228
     237
     261
     257
     248
     218
     237
     231
     222
     245
     244
     259
     260
     212
     265
     238
     235
     233
     210
     260
     267
     214
     233
     239
     248
     281
     265
     258
     257
     226
     257
     263
     244
     261
     243
     251
     241
     263
     318
     359
     444
     490
     696
    1131
    1464
    1473
    1102
     758
     504
     405
     348
     264
     286
     284
     240
     284
     245
     232
     220
     223
     218
     251
     217
     205
     220
     260
     218
     221
     244
     234
     258
     233
     237
     258
     209
     220
     230
     242
     229
     223
     243
     240
     249
     216
     278
     222
     227
     206
     230
     231
     235
     209
     232
     219
     227
     225
     224
     199
     227
     223
     220
     247
     201
     268
     221
     252
     245
     227
     220
     219
     227
     232
     234
     195
     229
     240
     236
     239
     213
     241
     214
     225
     219
     197
     227
     202
     239
     225
     241
     217
     221
     193
     256
     250
     204
     215
     227
     211
     262
     229
     213
     220
     206
     210
     220
     237
     201
     241
     218
     233
     253
     217
     205
     247
     219
     218
     199
     210
     221
     218
     242
     243
     196
     209
     234
     237
     220
     243
     228
     205
     219
     214
     219
     231
     207
     225
     209
     219
     210
     279
     328
     322
     291
     228
     228
     201
     210
     214
     202
     201
     233
     227
     215
     200
     202
     223
     222
     197
     212
     214
     213
     246
     238
     239
     212
     207
     257
     220
     255
     241
     217
     211
     198
     215
     196
     229
     206
     223
     233
     221
     240
     229
     232
     224
     238
     188
     218
     271
     250
     276
     284
     387
     737
    1545
    2930
    3679
    3193
    1758
     759
     314
     219
     188
     205
     213
     211
     189
     208
     200
     221
     215
     208
     206
     183
     210
     203
     184
     209
     198
     206
     206
     206
     194
     204
     197
     209
     203
     210
     197
     204
     218
     199
     190
     206
     184
     208
     228
     211
     191
     208
     188
     243
     186
     194
     195
     195
     202
     211
     215
     192
     194
     212
     216
     220
     202
     189
     194
     190
     202
     260
     336
     540
    1095
    2356
    4046
    4603
    3639
    1886
     716
     287
     226
     179
     180
     179
     198
     192
     198
     167
     173
     221
     171
     190
     200
     223
     165
     157
     176
     199
     181
     201
     177
     163
     196
     169
     201
     188
     178
     168
     186
     197
     175
     175
     172
     190
     165
     180
     179
     172
     188
     178
     173
     157
     201
     195
     183
     185
     188
     185
     153
     198
     175
     187
     182
     175
     171
     197
     166
     192
     181
     175
     170
     150
     185
     149
     180
     173
     166
     191
     179
     191
     194
     152
     172
     181
     209
     185
     182
     166
     176
     186
     149
     188
     208
     167
     202
     179
     190
     185
     179
     180
     176
     185
     182
     173
     187
     187
     174
     188
     166
     196
     188
     161
     185
     184
     170
     172
     191
     166
     163
     211
     197
     172
     139
     166
     161
     169
     179
     153
     192
     209
     176
     186
     184
     204
     195
     178
     191
     205
     165
     232
     285
     465
     574
     584
     456
     291
     210
     208
     215
     192
     207
     253
     305
     282
     293
     189
     206
     178
     194
     183
     193
     168
     179
     182
     215
     185
     190
     184
     188
     183
     175
     186
     209
     195
     165
     187
     189
     179
     181
     173
     176
     178
     190
     169
     172
     162
     180
     168
     191
     168
     155
     170
     196
     162
     151
     193
     200
     168
     168
     178
     187
     153
     158
     174
     157
     194
     166
     143
     175
     184
     191
     169
     178
     198
     199
     174
     186
     169
     192
     183
     179
     151
     165
     170
     175
     194
     215
     184
     157
     170
     196
     200
     160
     164
     166
     154
     174
     179
     192
     206
     202
     198
     151
     168
     176
     173
     164
     207
     179
     217
     211
     211
     182
     206
     178
     192
     176
     185
     147
     173
     190
     180
     176
     179
     181
     179
     189
     155
     160
     208
     169
     182
     175
     168
     183
     170
     168
     153
     190
     186
     180
     190
     169
     170
     161
     201
     173
     178
     170
     157
     157
     148
     149
     182
     172
     186
     193
     184
     168
     193
     184
     156
     177
     193
     163
     175
     159
     150
     173
     195
     205
     231
     321
     496
     691
     901
     826
     545
     348
     213
     165
     167
     146
     157
     163
     151
     163
     149
     174
     163
     169
     163
     155
     162
     181
     149
     182
     165
     165
     181
     183
     163
     171
     179
     145
     162
     146
     172
     186
     158
     154
     169
     203
     159
     162
     197
     186
     147
     173
     195
     167
     141
     156
     181
     176
     161
     164
     166
     140
     150
     161
     179
     158
     165
     139
     167
     170
     156
     164
     146
     149
     153
     155
     160
     165
     183
     194
     233
     231
     243
     208
     216
     173
     162
     140
     159
     189
     166
     127
     149
     161
     143
     134
     161
     158
     163
     171
     149
     179
     205
     244
     211
     176
     172
     177
     154
     176
     208
     228
     216
     228
     319
     427
     492
     509
     392
     274
     183
     172
     183
     175
     186
     234
     276
     270
     219
     178
     187
     159
     148
     147
     152
     145
     146
     163
     157
     174
     145
     139
     176
     155
     139
     147
     151
     148
     135
     159
     178
     164
     207
     202
     161
     133
     138
     147
     154
     208
     247
     341
     314
     273
     224
     210
     156
     146
     144
     148
     166
     157
     126
     143
     143
     158
     138
     153
     141
     156
     148
     164
     172
     237
     296
     431
     488
     508
     362
     234
     191
     140
     145
     122
     131
     130
     121
     123
     135
     136
     137
     115
     140
     156
     146
     147
     154
     128
     149
     131
     135
     131
     140
     169
     178
     243
     236
     202
     167
     157
     128
     132
     137
     140
     131
     129
     126
     137
     129
     146
     134
     119
     131
     139
     116
     145
     135
     136
     134
     143
     135
     123
     149
     142
     140
     123
     131
     125
     140
     128
     143
     154
     155
     136
     148
     141
     139
     122
     129
     129
     126
     140
     142
     145
     148
     148
     147
     142
     138
     160
     156
     142
     127
     138
     118
     138
     143
     144
     154
     150
     149
     163
     164
     140
     146
     175
     145
     134
     149
     149
     184
     185
     254
     289
     252
     215
     171
     141
     134
     141
     129
     182
     202
     218
     221
     204
     227
     204
     161
     141
     132
     136
     143
     136
     140
     120
     121
     132
     126
     129
     141
     123
     145
     121
     134
     122
     126
     148
     115
     132
     145
     144
     128
     149
     125
     142
     123
     134
     123
     132
     113
     115
     122
     113
     152
     140
     140
     128
     138
     131
     129
     123
     130
     132
     144
     164
     247
     339
     454
     473
     454
     255
     188
     132
     142
     130
     129
     142
     113
     129
     128
     143
     144
     131
     125
     128
     131
     157
     139
     126
     118
     128
     114
     135
     126
     151
     118
     132
     155
      99
     139
     127
     138
     147
     142
     148
     115
     129
     114
     138
     134
     129
     128
     143
     130
     129
     134
     127
     164
     139
     114
     135
     141
     132
     133
     128
     130
     116
     119
     104
     117
     156
     122
     121
     122
     123
     122
     128
     156
     150
     151
     119
     140
     145
     122
     134
     135
     120
     132
     129
     126
     129
     129
     174
     149
     172
     152
     148
     158
     140
     128
     116
     138
     142
     125
     129
     121
     131
     126
     139
     130
     122
     136
     131
     134
     125
     143
     122
     123
     135
     138
     150
     167
     189
     164
     155
     177
     135
     128
     130
     145
     119
     140
     144
     155
     180
     202
     285
     450
     737
    1315
    1928
    2339
    1953
    1374
     649
     303
     180
     129
     143
     112
     113
     120
     146
     121
     117
      99
     128
     137
     108
     138
     121
     110
     114
     124
     125
     136
     128
     129
     158
     111
     121
     130
     112
     127
     121
     105
     136
     113
     122
     114
     120
     109
     115
     139
     118
     124
     123
     126
     128
     127
     127
     123
     113
     127
     139
     132
     134
     134
     178
     218
     279
     300
     300
     224
     182
     165
     137
     116
     104
     120
     120
     127
     130
     119
     118
     122
     122
     135
     130
     116
     159
     145
     121
     102
     133
     116
     110
     129
     138
     134
     126
     122
     119
     128
     133
     115
     130
     172
     158
     161
     152
     192
     193
     192
     189
     167
     161
     166
     153
     134
     142
     128
     135
     135
     130
     143
     130
     122
     109
     127
     121
     127
     140
     141
     134
     153
     132
     121
     130
     129
     128
     109
     130
     146
     142
     142
     146
     152
     214
     264
     375
     463
     490
     468
     345
     242
     176
     216
     236
     338
     496
     803
    1172
    1366
    1149
     807
     427
     214
     146
     124
     119
     114
     107
     137
     129
     128
     112
     111
     124
     118
     124
     119
     116
     130
     124
     130
     124
     116
     115
     129
     123
     119
     113
     134
     116
     110
     122
     152
     117
     118
     124
     138
     115
     128
     103
     124
     123
     133
     114
     125
     108
     118
     145
     132
     129
     121
     132
     119
     107
     143
     110
     122
     124
     115
     114
      96
     122
     133
     106
     126
     117
     127
     121
     125
     135
     108
     122
     143
     122
     116
     138
     112
     119
     152
     141
     160
     165
     210
     196
     199
     154
     149
     135
     107
     123
     137
     127
     103
     126
     132
     134
     135
     122
      88
     125
     108
     115
     120
     133
     117
     118
     120
     139
     120
     109
     102
     136
     136
     121
     127
     117
     102
     138
     106
     111
     135
     120
     113
     129
     110
     130
     119
     129
     140
     131
     103
     127
     121
     145
     127
     128
     132
     122
     128
     114
     142
     132
     130
     126
     138
     122
     117
     116
     110
     125
     121
     138
     120
     117
     137
     141
     118
     109
     119
     116
     126
     129
     103
     138
     106
     141
     128
     136
     142
     130
     119
     126
     132
     133
      97
     134
     128
     140
     103
     124
     130
     133
     125
     119
     137
     115
     109
     124
     130
     139
     119
     119
     121
     135
     115
     134
     116
     133
     125
     129
     115
     134
     119
     111
     140
     120
     104
     128
     120
     143
     122
     133
     109
     131
     125
     132
     159
     140
     141
     147
     136
     105
     130
     130
     119
     134
     116
     113
     119
     121
     142
     116
     135
     136
     128
     147
     136
     139
     122
     103
     133
     129
     118
     115
     115
     113
     118
     124
     129
     134
     155
     148
     148
     140
     127
     145
     108
     132
     141
     151
     123
     122
     154
     150
     152
     154
     132
     113
     108
     117
     123
     136
     137
     141
     117
     135
     110
     133
     138
     119
     123
     134
     156
     131
     157
     167
     146
     161
     136
     154
     140
     128
     124
     137
     131
     134
     151
     120
     113
     147
     142
     125
     131
     122
     127
     123
     154
     136
     153
     130
     119
     131
     135
     136
     142
     115
     122
     124
     141
     133
     137
     144
     145
     145
     137
     147
     177
     138
     154
     154
     175
     142
     138
     139
     139
     135
     132
     143
     132
     137
     144
     148
     128
     123
     137
     138
     142
     130
     113
     123
     142
     138
     150
     137
     131
     150
     159
     125
     147
     126
     159
     142
     143
     141
     136
     144
     145
     130
     129
     163
     173
     158
     154
     157
     130
     163
     122
     135
     141
     131
     141
     125
     164
     142
     134
     151
     147
     148
     159
     186
     170
     209
     276
     414
     610
     838
     922
     805
     642
     429
     269
     171
     156
     145
     143
     157
     153
     144
     148
     154
     137
     120
     122
     134
     144
     153
     151
     139
     157
     150
     139
     148
     141
     140
     164
     148
     144
     135
     157
     148
     152
     135
     148
     168
     153
     153
     128
     142
     147
     149
     143
     153
     135
     144
     137
     164
     142
     143
     155
     156
     137
     155
     133
     125
     129
     141
     155
     129
     154
     124
     164
     120
     157
     151
     120
     119
     150
     145
     135
     123
     178
     134
     171
     154
     134
     173
     159
     175
     127
     159
     156
     174
     143
     164
     152
     186
     196
     215
     226
     217
     186
     163
     166
     144
     153
     158
     131
     139
     143
     162
     160
     151
     151
     166
     141
     141
     161
     152
     156
     142
     143
     159
     158
     138
     153
     159
     151
     166
     156
     149
     163
     161
     149
     175
     150
     159
     146
     160
     147
     155
     144
     163
     169
     161
     212
     213
     189
     183
     186
     163
     176
     167
     161
     140
     165
     159
     155
     159
     163
     140
     159
     145
     164
     158
     182
     168
     161
     164
     156
     146
     158
     183
     173
     176
     173
     157
     161
     153
     167
     142
     147
     168
     133
     156
     144
     133
     154
     172
     166
     157
     156
     171
     151
     160
     150
     161
     148
     168
     175
     169
     179
     173
     193
     168
     179
     161
     180
     166
     187
     175
     152
     156
     163
     144
     166
     185
     170
     175
     150
     195
     182
     173
     165
     154
     162
     195
     141
     162
     187
     171
     175
     155
     177
     156
     169
     195
     192
     171
     184
     205
     177
     179
     167
     145
     182
     182
     168
     177
     166
     159
     155
     180
     185
     178
     178
     187
     180
     193
     177
     202
     185
     184
     185
     152
     193
     163
     153
     163
     154
     161
     177
     169
     169
     161
     182
     190
     186
     166
     172
     167
     163
     199
     170
     178
     187
     178
     203
     182
     181
     192
     186
     191
     181
     179
     223
     198
     176
     160
     199
     178
     191
     188
     162
     184
     212
     187
     177
     190
     175
     187
     170
     225
     251
     265
     321
     398
     425
     401
     328
     270
     207
     173
     164
     177
     168
     171
     169
     163
     146
     137
     162
     168
     163
     169
     166
     144
     181
     184
     153
     166
     143
     148
     147
     140
     130
     132
     144
     150
     141
     136
     144
     123
     125
     139
     146
     129
     136
     137
     121
     154
     135
     119
     136
     111
     113
     111
     123
     109
     134
     133
     128
     137
     118
     123
     125
     122
     120
     116
     120
     129
     114
     109
     135
     134
     123
     104
     110
     116
     110
     122
     144
     122
     105
     121
     140
     120
     107
     125
      96
     118
     128
     131
     122
     129
     112
     127
     106
     120
     125
     110
     128
     121
     125
     115
      93
     116
     108
     105
     121
     118
     125
     133
     118
     134
     107
     134
     129
     161
     186
     175
     164
     154
     129
     123
     112
     125
      94
     101
     130
     117
      99
     101
     119
     108
     120
     116
      99
     125
      85
     108
     110
      91
     116
     127
     122
      97
     110
     104
     110
     105
     128
     105
     107
      90
     100
     100
      78
     108
      94
     107
      88
     129
      98
      85
     102
      91
     111
      80
     102
     107
      95
      95
      90
      96
      89
      82
      98
     100
     105
      91
      85
      96
      86
     105
      84
     116
     100
     119
      89
      92
      88
      99
      94
      95
     100
      86
      87
      86
     104
      89
      92
     107
      95
     102
      87
      90
      73
      93
      85
      97
      79
      94
      88
      89
     110
      94
      59
      78
      89
      86
      88
      75
      95
      86
     101
      96
      75
      59
      96
      89
      85
      79
      81
      93
      95
      83
     102
      90
      73
      89
      72
      75
      76
     100
      73
     100
      74
      78
      84
      76
      92
      98
      93
     113
     111
     127
     111
      97
      60
      69
      77
      97
      74
      64
      62
      73
      75
      73
      71
      77
      64
      76
      74
      58
      80
      72
      72
      56
      86
      69
      63
      56
      71
      62
      64
      66
      62
      52
      72
      70
      55
      73
      82
      55
      68
      71
      73
      61
      71
      74
      69
      65
      65
      76
      53
      65
      71
      54
      78
      59
      70
      68
      78
      65
      47
      54
      51
      51
      66
      61
      57
      69
      47
      69
      64
      53
      63
      51
      59
      47
      51
      61
      59
      61
      45
      56
      59
      77
      61
      56
      57
      64
      50
      55
      58
      51
      52
      59
      58
      59
      65
      48
      54
      59
      47
      65
      59
      51
      53
      60
      37
      55
      67
      57
      55
      64
      80
      59
      73
     119
     126
     180
     198
     236
     233
     191
     124
      96
      66
      53
      51
      33
      43
      49
      54
      47
      51
      55
      56
      53
      72
      68
      68
      71
      87
      63
      63
      62
      50
      53
      53
      45
      42
      47
      46
      44
      65
      34
      31
      34
      41
      43
      50
      51
      57
      36
      39
      41
      44
      60
      50
      39
      43
      42
      41
      64
      40
      43
      63
      68
      59
      59
      57
      67
      90
      89
      86
      98
      90
      73
      57
      47
      56
      56
      44
      50
      42
      50
      65
      74
      95
     122
     135
     147
     151
     131
      81
      58
      54
      49
      36
      51
      56
      52
      41
      47
      53
      52
      50
      41
      56
      51
      38
      54
      39
      37
      38
      55
      37
      45
      38
      49
      37
      48
      34
      48
      38
      39
      42
      39
      44
      50
      45
      61
      39
      41
      57
      48
      50
      39
      49
      48
      42
      45
      45
      43
      30
      43
      38
      43
      48
      40
      49
      46
      39
      42
      41
      38
      60
      43
      43
      55
      36
      50
      48
      57
      40
      49
      46
      50
      42
      37
      52
      41
      42
      54
      47
      43
      53
      44
      44
      40
      47
      49
      42
      58
      41
      47
      46
      45
      53
      54
      51
      44
      46
      40
      43
      38
      42
      47
      57
      44
      58
      56
      59
      62
      60
      57
      47
      54
      45
      59
      66
      65
      70
      71
      78
      90
     105
     141
     166
     205
     319
     386
     535
     755
    1147
    1902
    3069
    5038
    7561
    9684
   10288
    9252
    6742
    3924
    1898
     719
     248
      89
      41
      36
      27
      15
      31
      20
      24
      27
      17
      29
      24
      24
      26
      29
      23
      31
      17
      22
      27
      24
      18
      17
      32
      24
      24
      26
      28
      22
      26
      22
      26
      21
      22
      21
      26
      24
      32
      31
      24
      26
      26
      32
      29
      22
      26
      35
      27
      24
      34
      36
      21
      22
      29
      21
      30
      24
      14
      28
      18
      16
      24
      29
      24
      24
      21
      30
      24
      20
      29
      21
      25
      34
      19
      24
      29
      34
      27
      23
      30
      30
      28
      39
      38
      56
      72
      63
      64
      47
      40
      32
      28
      25
      27
      29
      27
      38
      37
      39
      51
      42
      37
      38
      27
      28
      33
      36
      33
      24
      32
      28
      27
      31
      28
      37
      37
      32
      50
      94
     106
     108
     111
      80
      80
      54
      47
      39
      27
      37
      29
      45
      35
      34
      27
      20
      32
      35
      29
      25
      26
      27
      24
      29
      34
      20
      26
      31
      24
      24
      27
      26
      20
      18
      33
      22
      33
      33
      26
      27
      18
      26
      19
      19
      29
      22
      24
      29
      18
      24
      29
      28
      24
      21
      22
      30
      31
      27
      19
      23
      20
      21
      23
      31
      25
      30
      26
      20
      29
      14
      31
      32
      23
      28
      28
      35
      38
      46
      41
      40
      34
      32
      26
      29
      25
      32
      14
      35
      24
      28
      32
      34
      32
      28
      34
      21
      20
      19
      26
      24
      28
      23
      25
      23
      32
      21
      21
      16
      19
      20
      20
      14
      18
      30
      22
      23
      22
      18
      22
      24
      22
      12
      21
      28
      26
      33
      29
      29
      27
      28
      23
      18
      22
      26
      24
      18
      19
      25
      15
      18
      13
      14
      22
      24
      18
      14
      19
      19
      24
      23
      22
      23
      22
      22
      17
      24
      14
      13
      22
      20
      20
      18
      24
      16
      25
      17
      16
      21
      17
      24
      30
      19
      21
      23
      25
      21
      23
      22
      21
      18
      18
      21
      22
      42
      23
      22
      36
      48
      41
      51
      40
      29
      43
      39
      39
      45
      44
      41
      36
      33
      31
      37
      28
      52
      43
      76
      92
     125
     139
     158
     165
     135
      68
      55
      33
      25
      33
      35
      38
      65
      57
      71
      84
      62
      49
      40
      33
      26
      49
      20
      16
      30
      15
      19
      24
      28
      35
      20
      26
      31
      36
      23
      32
      22
      17
      13
      17
      22
      22
      24
      23
      17
      19
      14
      12
      19
      19
      26
      26
      12
      24
      16
      23
      30
      16
      25
      19
      24
      25
      11
      17
      22
      22
      25
      14
      20
      14
      13
      15
      22
      20
      18
      15
      25
      26
      19
      26
      19
      27
      21
      36
      42
      62
      59
      75
      78
      61
      76
      30
      43
      25
      23
      30
      23
      25
      29
      29
      27
      27
      31
      16
      19
      17
      18
      25
      21
      38
      51
      76
      66
      79
      87
      87
      67
      43
      26
      20
      20
      16
      11
      19
      17
       5
      24
      19
      28
      26
      24
      35
      28
      32
      31
      33
      37
      24
      25
      13
      14
      16
      21
      17
      20
      19
      10
      18
      18
      23
      19
      23
      17
      16
      21
      17
      14
      12
      18
      28
      21
      18
      14
      20
      17
      19
      18
      12
      14
      18
      15
      15
      17
      19
      16
      15
      13
      13
      16
      12
      17
      16
      21
      19
      16
      22
      12
      19
      22
      16
      30
      26
      42
      41
      48
      50
      54
      33
      25
      18
      21
      16
      18
      27
      24
      14
      22
      31
      27
      14
      23
      17
      14
      18
      14
      13
      13
      13
      20
      16
      18
      24
      12
      14
      10
      15
      14
      15
      15
      15
      18
      21
      18
      21
      13
      21
      13
      17
      14
      14
      18
      18
      19
      19
      18
      20
      12
      14
      23
      18
      10
      19
      14
      24
      29
      33
      31
      17
      14
      21
      20
      14
      22
      26
      19
      13
      13
      23
      14
      27
      14
      11
      18
      20
      20
      16
      16
      18
      25
      16
      15
      17
      17
      19
      12
      17
      13
      12
       9
      14
      12
      12
      14
      13
      16
       7
      15
      18
      15
      23
      19
      25
      18
      15
      10
      17
       8
      11
      15
      12
      13
      14
      14
      10
      10
       8
      18
      19
      20
      12
      16
      14
      10
      13
       9
      16
       8
      10
      15
      13
      11
      14
      11
       9
      14
      11
      14
      14
      13
      16
      13
      16
      15
      13
      12
      17
      13
      15
       9
      14
      14
      18
      13
      16
      15
      15
      17
      19
      22
      24
      22
      25
      13
      27
      13
      14
      18
      18
      31
      37
      56
      78
      91
     126
     127
     116
     110
      61
      56
      28
      23
      14
      16
      19
      14
      14
      20
      16
      13
       8
      24
       9
      14
      17
      14
      15
      18
      15
       8
      16
      19
      16
      10
       3
      21
      11
      14
      14
      17
      15
      11
      14
      17
      13
      15
      17
      15
      12
      17
       8
      15
      15
      17
      13
      15
      17
      18
      24
      19
      18
      20
      15
       8
       8
      16
      17
      15
      20
      16
      11
      12
      17
      16
      20
      18
      19
      17
      14
      21
      12
      22
      15
      19
      22
      18
      27
      25
      44
      53
      62
      96
     144
     212
     371
     394
     517
     527
     488
     377
     250
     145
      67
      34
      17
       7
      10
      15
      16
      11
      17
      20
      14
      15
      16
      17
      13
       9
      11
      10
      20
      10
      18
       9
      20
      15
      13
      13
       6
      14
      14
       6
      13
      11
      16
      14
      16
      13
       8
      13
      14
      20
       9
      19
      15
       8
      19
      11
      18
       7
      14
       9
      19
      16
      17
      16
      14
      16
      15
      15
       7
      13
      15
       9
      11
      22
      15
      10
       9
      11
      15
      11
      16
      16
      17
       7
      13
      14
      17
      13
      17
       7
      13
      14
      12
      16
      17
       8
      14
      20
       8
      13
      10
      13
      12
      15
      14
      11
       9
      13
      15
      14
       8
      16
      14
      17
      24
      14
      15
      19
      11
      10
      12
      11
      10
      17
      12
      11
      11
      13
      12
      10
      17
      10
       9
      16
      13
      14
       8
       8
      12
      10
      11
      13
      20
       7
      18
      18
       9
       9
      11
      15
      16
      22
      15
      14
       8
      11
      11
      12
      19
      22
      12
      15
      13
      13
      14
      15
      12
      17
      12
      15
       9
      17
      17
      14
      13
      14
      16
      12
      14
      15
      14
      11
      25
      10
      11
      11
      16
      19
      16
      11
      19
      15
      16
      15
      20
      12
      19
      18
      29
      24
      22
      24
      18
      13
      21
       9
      16
      20
      14
      15
      17
      12
      12
      15
      19
      26
      16
      19
      32
      41
      51
      75
      81
      79
      89
      66
      49
      33
      20
      10
      18
      12
      13
      17
      13
      17
       9
      13
      12
      13
      18
      12
       9
      13
      10
      15
      14
      14
       9
      12
      13
      12
      11
      14
      16
       5
       5
       8
      13
      17
      11
       5
      11
      12
      15
      13
      10
      11
      12
      11
      12
      15
       8
      14
      19
      13
      18
       7
      14
      11
      15
      17
      12
      13
      13
      12
      18
      14
      16
      22
      15
      24
      16
      18
      14
      17
      17
      12
      21
      14
      19
      16
       8
      15
      14
      18
       5
      11
      14
      14
      12
       9
       9
      14
      17
      12
       8
       8
      27
      14
      13
      11
      17
       8
      14
      17
      21
      13
      13
      22
      21
      11
      21
      13
      14
      19
      10
      16
      25
      17
      14
      15
      11
       9
      14
      20
      16
      20
      15
      19
      20
      19
      14
      17
      11
      14
      13
      15
      12
      17
      13
      19
      19
      15
       6
      11
      13
      14
      18
      10
      15
      16
      11
      11
      20
      19
      12
      15
       6
       9
      13
      11
      18
      11
      16
      13
      16
      20
      14
      11
      19
      11
      16
      18
      18
      16
      15
      16
       8
      10
      11
       8
      10
       9
      19
      10
      17
      11
       6
      15
      17
       5
      16
      11
      16
      19
       9
      15
      18
      11
      12
      13
      12
      18
       9
      13
      10
      13
       8
      17
      12
      10
       9
      17
      11
      16
       6
      13
      14
      24
      19
      16
      10
      10
      13
      11
      12
      14
      21
      10
      13
       9
      18
      19
      17
      16
      20
      15
      28
      18
      17
      24
      11
      14
      12
      11
      11
      19
      18
       7
      14
      24
      20
       8
      14
      13
      23
      16
      23
      15
      10
      11
      14
      22
      17
      15
       8
      10
      19
      14
      10
      13
      15
      13
      14
      11
       6
      26
      21
      12
      15
      17
       8
      13
      12
      10
      17
      12
      24
      16
      17
       9
      10
       8
      10
      16
      12
      15
      15
      15
      16
      11
      14
      16
       8
      10
      13
      16
       9
       8
      14
      13
      11
      20
      11
      11
      17
       6
      16
      12
      11
       9
      19
      12
      12
      10
      10
      12
      17
      13
      11
      21
      11
      12
      14
      13
      10
      10
      15
      10
      11
      15
       9
      21
      11
      11
      10
       9
      17
       7
       9
      18
       8
      15
       6
       9
      13
      12
      11
       9
      16
       8
      12
      17
       8
      12
      13
       9
      11
      11
      11
      10
      11
      13
       6
      17
      13
       7
      17
       7
       7
      16
      13
      15
       7
       4
      11
      18
      11
      15
      15
       9
      18
      13
      19
      12
       5
      10
      17
      12
      13
       6
      10
      11
       5
      13
      17
      12
      19
      10
       8
      11
      13
       8
      12
      10
      13
      12
      10
       9
      11
       8
      10
      18
      11
      10
      14
       9
      17
      13
      12
      14
      13
      10
      10
      17
      13
      11
      18
       6
      13
      14
      14
       5
      14
      17
      12
      15
      13
      11
      24
      16
      12
      12
       9
      13
      13
      12
      14
      18
      11
      11
      15
      15
      11
      16
      12
       9
      10
       8
      15
      10
      12
      14
      10
      14
      12
      16
       8
       9
      15
      15
       9
      12
       9
       9
      15
       9
       5
      19
      11
       7
      13
      10
      13
      13
      13
       6
      13
      13
      13
       6
      13
      10
      11
       9
      11
      10
      13
      12
      12
       8
      11
      12
       7
      12
      12
      11
       9
      14
      12
       6
      13
      20
       6
      12
      15
      14
      12
      17
       7
      13
      14
      21
      17
      13
       9
       5
      13
      16
      19
      13
      22
      18
      20
      10
       6
      15
       8
       8
      19
      14
      14
      15
      12
       5
      12
      11
      10
      12
      12
      11
      10
       9
      12
      13
      14
      14
      11
      10
      11
      11
       7
      15
      21
      13
      10
      11
      13
       8
      18
      12
      15
      12
       9
      13
      10
      12
      18
      10
       7
      15
      10
      13
      11
      14
      10
      14
       7
      12
      13
      13
      14
      16
      10
      20
      15
      11
      12
      12
      10
      12
       9
      15
      10
      14
      11
      13
       3
      12
      12
      26
      20
      17
      14
       7
      10
      15
       9
       7
      14
      13
      10
      16
      14
      14
      17
      18
      10
      18
      14
       9
      10
       8
      11
      12
      23
      11
      12
      13
       6
      15
      10
      27
      11
      15
       8
      11
      14
       8
      13
      20
      18
      25
      14
      23
      19
      14
      32
      22
      33
      53
      52
      61
      82
      79
      74
      85
      88
      56
      67
      35
      34
      34
      24
      24
      13
      15
      18
      15
      15
      10
      15
      12
      14
      12
      12
      20
      13
      13
      12
      14
      11
      14
      16
      17
      26
      12
      14
      10
      22
      15
      21
      33
      33
      51
      32
      56
      35
      35
      23
      23
       8
      20
      20
      11
      20
      15
       7
      15
      11
      14
      13
      24
      16
      15
      15
      15
      11
      17
      15
      13
      11
      16
      15
      14
       9
       9
      12
       9
      10
      13
      10
      15
      17
      12
      15
       9
      10
      15
      18
      12
      18
      13
      10
       8
      16
      12
      12
      10
      20
       9
      12
      13
      13
      15
       9
      12
      13
      14
      15
       8
      15
      10
       8
      11
      15
      16
      12
      12
      12
      13
      10
      14
      10
       7
      18
      13
      14
      11
       6
      17
      12
      16
      15
      17
      11
      15
      14
      14
      12
       8
      13
      21
      18
      14
      12
      13
      12
      16
      10
      22
      13
      14
      13
      15
      15
       7
      11
       9
      12
      10
      14
      14
      13
      10
      15
       8
      14
      13
      12
      14
      14
      10
      12
      12
      11
      11
      12
      15
       8
      16
       9
      11
      13
      14
      18
      13
      12
      17
      10
       9
       5
       8
      13
      22
      15
      13
      15
      10
      15
      14
       8
      11
      16
      14
      12
       9
       6
       9
       7
      17
       8
      14
      18
      18
      14
      15
      21
      10
       8
      15
      16
      14
       9
      19
      14
      13
       7
      17
      13
      15
       8
      15
      15
      13
      12
      14
       9
      15
      20
       9
      11
      21
      15
      12
      14
       7
       7
      11
      11
       6
      11
      18
      12
      10
      11
      16
      12
      20
      14
      18
      19
      28
      33
      38
      54
      71
      89
     108
     122
     137
     138
     100
      89
      74
      37
      25
      27
      17
      11
      12
      19
      13
      14
      16
      19
      15
      14
      14
      13
       9
       8
      10
       9
      13
      10
      20
      15
      11
       6
      16
      12
      20
      15
      12
      12
      14
      11
      12
      13
      12
      13
      11
       9
      11
      11
      11
      15
      12
      13
      17
      11
      17
      13
       7
      19
      19
      12
      10
      18
       8
       8
      15
      11
      14
      19
       8
      16
      15
       8
      13
      14
      11
      12
      17
      11
      16
      17
      16
      12
      12
      18
       8
      12
      12
      14
      12
      15
      15
      18
      11
      11
       8
      15
      13
      12
      12
      11
      18
      16
      12
      11
      12
       9
      15
      19
      17
       8
       6
      10
       9
      13
      19
      19
      16
      14
       4
      17
      15
      19
      19
      13
      21
      16
      11
      18
      11
      15
       8
      14
      11
       9
      30
      19
      16
      14
      13
      17
      11
      13
      16
      17
      11
      16
      11
      12
      14
      20
      15
      10
       9
      11
      14
      19
      16
      13
      15
      12
      15
      20
      16
      13
      16
      19
      10
      17
      11
      25
      23
      14
      16
      11
      21
      20
      18
      19
      15
      14
      21
      19
      27
      14
      12
      10
      14
      18
      17
      15
      17
      14
      12
      19
      12
      15
      13
      11
      15
      20
      16
      20
      10
      11
      20
      19
      12
      13
      22
      10
      15
      14
      20
      19
       9
      19
      10
      10
      11
       9
      19
      10
      15
      12
      17
      14
      14
      19
      13
      16
      11
      25
      13
      23
      13
      17
      22
      25
      15
      13
      22
      11
      20
      12
      10
      12
      15
      18
      14
      17
      11
      14
      17
      16
      17
      14
      11
      15
      16
      17
      15
       9
      23
      19
      11
      13
      20
      12
      20
      12
      19
      13
      21
      19
      11
      16
      12
      15
      14
      13
      17
      19
      11
      11
      12
      22
      17
      11
      16
      15
      20
      15
      17
      12
      21
      19
      13
      13
       7
      10
      18
      11
      15
       9
      12
      12
       8
      23
      10
      15
      16
      21
      19
      17
      22
      13
      15
      15
      13
      17
      21
      10
      21
      19
      13
      24
      14
      15
      16
      19
      21
      18
      20
      19
       8
      12
      13
      11
      17
      22
      18
      19
      18
      22
      10
       9
      23
      18
      20
      16
      14
      14
      24
      18
      17
      13
       8
      10
      15
      15
      18
      15
      12
      15
      22
      16
      22
      16
      26
      15
      16
      16
      18
      14
      15
      17
      19
      13
      20
      15
      19
      16
      19
      19
      18
      18
      10
      16
      20
      14
      12
      16
      19
      23
      17
      14
      20
      15
      23
       9
      11
      14
      13
      11
      15
      24
      18
      14
      18
      15
      21
      12
      21
      14
      15
      19
      14
      22
      11
      11
      19
      16
      19
      14
      15
      15
      27
      22
      14
      24
      22
       8
      18
      20
       9
      16
      17
      20
      16
      16
      20
      17
      13
      18
      17
      18
      14
      10
      24
      22
      15
      12
      12
      22
      20
      16
      12
      12
      10
      20
      18
      21
      12
      13
      18
      15
      14
      14
      13
      18
      10
      13
      13
      15
      11
      17
      13
      13
      18
      11
      15
      10
       7
      16
      19
      12
      13
      13
      16
      11
      15
       7
      14
       8
      13
      12
      17
      14
      12
       9
      22
      14
      11
      14
       7
       9
      13
      12
      10
      10
      16
      11
      10
      14
      14
      12
      11
      13
      20
       9
      17
      10
       8
       9
      12
      17
      16
      10
      13
      11
      10
      16
      14
      16
       8
      16
      13
      12
      10
      19
      10
      11
      11
       7
      11
      13
      17
       9
      12
       9
      12
      11
       8
      13
      14
      14
      14
      12
      12
      22
      12
      17
       9
      15
      11
      12
      12
       7
       6
       7
      15
      19
      14
       9
       9
      18
      10
       9
       9
      18
      16
      12
      10
      12
      12
      13
       7
      13
      12
      15
      12
      12
       5
       7
      12
      15
       7
       7
       7
      11
      10
       8
      12
      11
       9
      16
       8
      14
      11
      12
       9
      10
       6
      10
      10
       7
       9
      13
      11
      10
      14
      16
      11
      14
      13
      10
      15
      16
      16
      14
      14
      10
      11
      20
      22
       8
      17
      19
      28
      21
      32
      26
      43
      46
      49
      35
      25
      24
      17
      19
      14
      11
       9
      11
      10
       9
       7
       7
      11
       9
       4
       6
       9
       7
       2
       7
      10
      16
       7
      15
      15
      13
       6
      10
      10
      13
      15
       9
       6
      11
      14
       9
       7
       9
       8
       7
       7
       9
      12
       8
       7
       7
       7
       7
       8
      14
       8
       6
       8
      15
      13
       4
       5
       8
       9
       8
      14
       9
      10
       9
      12
       6
       9
       9
       8
       5
       6
      13
       7
       7
      11
       7
       8
       5
       4
      15
       4
       5
       7
       6
       6
      12
       8
       8
       5
       6
      13
       3
      10
       3
       8
       7
       8
       9
       7
      10
      11
       8
       5
       6
       9
       8
      10
       7
      10
      10
       6
       4
       4
       7
       2
       3
      12
       6
      10
      12
       5
       7
       1
       3
      13
      10
       7
       6
       7
       4
       6
       6
       4
       5
       3
      11
       6
       3
       9
       2
       3
       6
       8
       5
      11
       3
      11
       5
       2
       5
       6
       5
       6
       7
       4
       1
       7
       9
       5
       4
       5
       8
       4
       2
      10
       7
       8
       3
       4
       6
       5
       4
       7
       7
       5
       3
       6
       4
       5
       3
       4
       4
       5
       2
       4
       4
       7
       7
       6
       2
       2
       6
       3
       8
       2
       6
       4
       3
      10
       8
       5
       5
       5
      11
       6
       6
       2
       5
       2
       6
       5
       3
       3
       1
       3
       2
       6
       6
       4
       3
       1
       6
       5
       6
       5
       9
       3
       5
       3
       5
       2
       7
       2
       6
      10
       5
       6
       8
       5
       4
      10
       4
       2
       6
       5
       4
       4
       6
       8
       3
       3
       1
       5
       2
       6
       4
       6
       5
       7
       9
       3
       7
       4
       6
       7
       6
       6
       2
       4
       3
       8
       5
       6
       6
       4
       8
       2
       3
       5
       6
       5
       2
       3
       5
       6
       4
       3
       9
       1
       5
       8
       6
       6
       4
       3
       2
       6
       7
       5
       1
       2
       6
       7
       1
       5
       3
       6
       4
       5
       7
       8
       4
       5
       6
       4
       5
       6
       4
       2
       2
       2
       5
       7
       3
       5
       5
       3
      10
       2
       4
       3
       1
       5
       4
       2
       3
       2
       5
       3
       6
       4
       3
       2
       2
       5
       3
       4
       4
       6
       4
       4
       7
      10
       3
       3
       8
       2
       3
       6
       4
       4
       3
       3
       8
       4
       3
       4
       6
       4
       3
       5
       6
       6
       2
       2
       6
       4
       3
       2
       6
       2
       3
       5
       5
       3
       3
       4
       3
       5
       6
       7
       6
       1
       3
       4
       3
       2
       4
       7
       3
       2
       3
       7
       2
       7
       2
       5
      10
       5
       4
       6
       5
       6
       8
       5
       7
      11
      18
      14
      18
      16
      18
      20
      40
      39
      64
      72
      76
     112
     129
     198
     262
     417
     464
     585
     653
     648
     690
     571
     421
     309
     195
     106
      46
      23
       9
       7
       2
       2
       1
       2
       3
       4
       4
       3
       6
       7
       6
       7
       1
       1
       2
       5
       3
       3
       6
       3
       1
       3
       4
       1
       3
       1
       1
       2
       3
       3
       5
       1
       2
       1
       4
       5
       1
       3
       2
       3
       7
       4
       3
       2
       2
       4
       3
       3
       2
       3
       5
       3
       1
       6
       5
       3
       2
       0
       1
       3
       4
       3
       2
       2
       2
       2
       2
       2
       4
       2
       4
       2
       6
       4
       4
       3
       2
       3
       1
       3
       2
       0
       1
       4
       0
       3
       3
       3
       2
       2
       2
       2
       3
       1
       2
       1
       3
       5
       3
       3
       2
       6
       0
       1
       2
       4
       0
       3
       6
       2
       4
       3
       4
       6
       3
       2
       7
       5
       1
       4
       1
       6
       1
       2
       2
       2
       4
       2
       1
       5
       2
       3
       3
       1
       3
       4
       0
       6
       2
       3
       0
       1
       2
       4
       3
       2
       4
       1
       4
       2
       4
       5
       4
       4
       3
       2
       3
       3
       5
       3
       3
       3
       4
       1
       5
       5
       3
       1
       4
       4
       2
       2
       4
       7
       6
       3
       6
       2
       0
       2
       1
       8
       9
       3
       3
       2
       1
       7
       4
       1
       4
       1
       3
       3
       2
       3
       4
       5
       0
       3
       3
       6
       8
       1
       2
       6
       4
       4
       4
       5
       2
       3
       3
       3
       3
       1
       1
       3
       5
       0
       4
       6
       3
       4
       3
       3
       0
       2
       4
       2
       3
       3
       5
       4
       2
       1
       4
       3
       3
       1
       3
       0
       3
       1
       2
       4
       5
       3
       1
       3
       4
       1
       4
       5
       3
       2
       4
       3
       0
       2
       4
       6
       1
       3
       0
       3
       2
       3
       1
       1
       4
       2
       2
       3
       0
       5
       2
       2
       1
       2
       3
       1
       5
       1
       2
       2
       2
       1
       5
       3
       4
       5
       3
       2
       1
       5
       3
       2
       5
       5
       2
       2
       2
       2
       3
       4
       2
       6
       1
       1
       3
       2
       3
       2
       5
       5
       0
       0
       3
       3
       2
       6
       2
       2
       4
       5
       1
       3
       3
       3
       3
       6
       5
       3
       2
       4
       2
       2
       1
       6
       1
       2
       1
       1
       3
       3
       3
       2
       1
       2
       4
       3
       4
       5
       4
       0
       3
       2
       1
       2
       1
       3
       5
       4
       4
       3
       3
       4
       2
       3
       2
       2
       4
       4
       2
       2
       2
       5
       4
       3
       4
       5
       2
       1
       0
       7
       1
       2
       4
       3
       1
       2
       2
       2
       2
       4
       3
       7
       5
       3
       3
       2
       1
       0
       0
       4
       3
       2
       2
       2
       3
       2
       3
       7
       6
       2
       5
       5
       1
       2
       2
       2
       2
       4
       1
       4
       2
       3
       5
       2
       2
       0
       2
       3
       1
       5
       1
       3
       3
       2
       2
       4
       3
       3
       2
       2
       3
       4
       3
       3
       4
       1
       1
       4
       0
       4
       5
       1
       0
       2
       3
       2
       6
       4
       3
       2
       3
       1
       4
       2
       1
       2
       1
       1
       2
       2
       3
       3
       1
       3
       0
       2
       3
       4
       3
       5
       1
       0
       4
       2
       2
       1
       1
       0
       2
       1
       4
       1
       1
       1
       3
       1
       4
       4
       1
       5
       1
       2
       8
       2
       3
       1
       7
       3
       1
       2
       1
       3
       2
       1
       3
       3
       3
       2
       3
       2
       6
       2
       4
       2
       2
       1
       3
       2
       4
       2
       0
       6
       5
       3
       8
       0
       2
       1
       3
       4
       0
       0
       4
       2
       2
       1
       1
       2
       3
       1
       0
       4
       1
       3
       3
       2
       1
       4
       1
       2
       2
       2
       1
       1
       2
       4
       2
       0
       2
       3
       1
       1
       2
       5
       3
       2
       6
       2
       2
       4
       2
       6
       1
       5
       3
       3
       2
       2
       2
       1
       4
       7
       3
       5
       2
       2
       3
       7
       3
       0
       3
       0
       4
       1
       4
       3
       3
       1
       3
       1
       1
       1
       2
       2
       3
       1
       3
       2
       5
       0
       3
       2
       3
       2
       3
       2
       2
       2
       1
       1
       1
       4
       3
       1
       4
       1
       3
       3
       2
       2
       1
       1
       2
       2
       1
       1
       2
       5
       3
       0
       1
       3
       0
       2
       2
       1
       3
       2
       3
       2
       1
       4
       2
       2
       3
       2
       2
       4
       2
       6
       1
       1
       2
       1
       4
       2
       4
       2
       2
       3
       1
       2
       6
       2
       2
       4
       2
       4
       2
       2
       2
       4
       3
       2
       1
       0
       2
       5
       3
       4
       0
       2
       2
       1
       4
       3
       5
       3
       0
      10
       0
       4
       1
       4
       3
       4
       0
       1
       1
       2
       2
       1
       2
       2
       1
       2
       3
       1
       1
       2
       3
       0
       3
       0
       3
       2
       2
       7
       2
       1
       1
       0
       1
       2
       2
       6
       3
       1
       1
       4
       3
       2
       3
       2
       1
       5
       1
       1
       3
       3
       0
       1
       1
       4
       2
       1
       1
       1
       1
       5
       0
       2
       3
       0
       2
       5
       1
       5
       0
       4
       1
       3
       5
       0
       2
       1
       2
       1
       4
       2
       1
       0
       4
       3
       3
       2
       1
       4
       3
       3
       3
       2
       0
       2
       1
       0
       0
       3
       2
       4
       3
       2
       0
       1
       1
       5
       2
       2
       5
       3
       2
       0
       0
       3
       1
       1
       0
       1
       1
       0
       1
       1
       1
       1
       1
       2
       6
       1
       2
       2
       1
       1
       1
       2
       2
       0
       0
       2
       4
       0
       1
       1
       1
       2
       0
       1
       1
       2
       2
       3
       1
       1
       1
       2
       2
       1
       1
       0
       5
       1
       2
       2
       0
       3
       2
       3
       2
       0
       0
       1
       2
       1
       3
       0
       5
       2
       1
       3
       1
       1
       5
       3
       3
       1
       4
       1
       1
       1
       2
       5
       1
       2
       2
       3
       3
       2
       1
       4
       3
       0
       1
       3
       3
       2
       3
       2
       4
       1
       3
       2
       4
       0
       2
       2
       3
       1
       3
       2
       3
       1
       1
       1
       3
       0
       0
       1
       5
       3
       1
       3
       1
       2
       1
       2
       3
       4
       2
       3
       1
       1
       0
       0
       0
       3
       1
       2
       2
       4
       3
       2
       2
       4
       3
       1
       0
       2
       2
       1
       0
       4
       1
       1
       2
       1
       0
       4
       1
       2
       0
       4
       2
       2
       1
       3
       2
       0
       3
       2
       2
       1
       4
       0
       2
       0
       2
       2
       4
       1
       2
       3
       2
       7
       1
       1
       1
       1
       1
       4
       2
       0
       3
       0
       2
       4
       4
       1
       1
       0
       1
       1
       3
       4
       1
       0
       2
       2
       3
       2
       0
       1
       2
       2
       2
       2
       2
       1
       1
       2
       2
       0
       0
       1
       2
       3
       2
       1
       2
       0
       1
       4
       2
       1
       3
       3
       2
       3
       2
       0
       2
       3
       1
       0
       4
       1
       1
       5
       5
       0
       2
       0
       0
       3
       1
       0
       1
       2
       2
       2
       2
       1
       2
       0
       1
       1
       0
       2
       0
       3
       2
       1
       2
       0
       1
       1
       2
       3
       3
       2
       2
       2
       1
       2
       2
       0
       3
       1
       0
       1
       2
       1
       1
       3
       0
       0
       2
       2
       2
       0
       2
       1
       3
       0
       3
       0
       2
       0
       0
       1
       0
       0
       5
       1
       1
       3
       0
       1
       5
       0
       2
       1
       2
       0
       2
       2
       1
       1
       1
       0
       0
       2
       1
       2
       0
       1
       2
       2
       1
       2
       2
       3
       0
       0
       2
       0
       2
       2
       1
       2
       1
       0
       0
       0
       0
       0
       0
       0
       0
       0
       0
       0
       0
       0
       0
       0
       0
       0
       0
       0
       0
       0
       0
       0
       0
       0
       0
       0
       0
       0
       0
       0
       0
       0
       0
       0
       0
       0
       0
       0
       0
       0
       0
       0
       0
       0
       0
       0
       0
       0
       0
       0
       0
       0
       0
       0
       0
       0
       0
       0
       0
       0
       0
       0
       0
       0
       0
       0
       0
       0
       0
       0
       0
       0
       0
       0
       0
       0
       0
       0
       0
       0
       0
       0
       0
       0
       0
       0
       0
       0
       0
       0
       0
       0
       0
       0
       0
       0
       0
       0
       0
       0
       0
       0
       0
       0
       0
       0
       0
       0
       0
       0
       0
       0
       0
       0
       0
       0
       0
       0
       0
       0
       0
       0
       0
       0
       0
       0
       0
$ROI:
91
177 185
241 249
265 273
467 476
487 496
507 516
520 532
546 558
572 584
607 614
625 632
653 660
686 694
708 716
744 752
773 781
786 794
824 832
844 858
884 898
919 933
956 970
1179 1194
1211 1226
1238 1253
1309 1325
1336 1351
1377 1393
1505 1518
1527 1543
1568 1584
1596 1612
1639 1655
1711 1720
1737 1746
1780 1789
1858 1880
1904 1926
1951 1973
2365 2378
2392 2405
2417 2430
2432 2442
2454 2464
2477 2487
2518 2532
2543 2557
2587 2601
2889 2909
2939 2959
2992 3012
3203 3223
3249 3269
3299 3319
3578 3594
3618 3634
3659 3675
3698 3714
3733 3749
3787 3808
3832 3852
3903 3924
4133 4148
4172 4187
4227 4242
4259 4274
4284 4299
4332 4347
4364 4379
4396 4411
4503 4527
4541 4565
4585 4609
4633 4657
4707 4731
4816 4836
4853 4873
4922 4942
5484 5503
5528 5547
5567 5586
5607 5627
5743 5765
5789 5811
5843 5864
6388 6413
6431 6456
6518 6543
6817 6841
6865 6889
6954 6978
$PRESETS:
Live Time
80000
0
$ENER_FIT:
-0.0809581737940111 0.38017697362272446
$MCA_CAL:
3
-6.281850E-001 3.800522E-001 -1.024417E-008 keV
$SHAPE_CAL:
3
7.747044E+000 -1.422939E-003 1.836274E-007
